1410716556 100
1410716866 100
1410717177 100
1410717487 99
1410717797 100
1410718107 100
1410718417 100
1410718717 100
1410719027 100
1410719337 100
1410719647 100
1410719957 100
1410720267 100
1410720577 100
1410720887 100
1410721197 100
1410721502 100
1410721811 99
1410722114 100
1410722424 100
1410722734 100
1410723044 100
1410723354 100
1410723665 100
1410723975 100
1410724285 99
1410724595 100
1410724905 100
1410725215 100
1410725525 100
1410725825 100
1410726135 100
1410726445 100
1410726755 100
1410727065 100
1410727375 100
1410727686 100
1410727996 100
1410728306 100
1410728616 100
1410728926 100
1410729236 100
1410729546 100
1410729856 100
1410730166 100
1410730466 100
1410730776 100
1410731086 100
1410731397 100
1410731706 100
1410732016 100
1410732326 100
1410732636 100
1410732947 100
1410733256 100
1410733567 100
1410733877 100
1410734187 100
1410734497 100
1410734807 100
1410735117 100
1410735427 100
1410735737 100
1410736047 99
1410736357 100
1410736667 100
1410736967 100
1410737277 100
1410737587 89
1410737897 97
1410738207 100
1410738517 100
1410738827 100
1410739137 100
1410739448 100
1410739757 100
1410740067 100
1410740377 97
1410740688 96
1410740998 100
1410741308 100
1410741618 100
1410741928 100
1410742238 87
1410742548 100
1410742858 100
1410743168 100
1410743478 100
1410743788 100
1410744098 100
1410744398 100
1410744708 100
1410745018 100
1410745328 100
1410745638 100
1410745948 100
1410746258 100
1410746568 100
1410746878 100
1410747188 91
1410747498 100
1410748464 78
1410748774 96
1410749084 100
1410749394 100
1410749704 44
1410750014 99
1410750324 99
1410750634 100
1410750934 99
1410751244 100
1410751554 100
1410751864 100
1410752174 100
1410752484 100
1410752794 100
1410753104 100
1410753414 100
1410753724 100
1410754034 99
1410754344 100
1410754654 100
1410754964 100
1410755274 100
1410755584 100
1410755895 100
1410756205 100
1410756515 100
1410756825 100
1410757135 100
1410757445 100
1410757755 100
1410758065 100
1410758371 99
1410758681 100
1410758991 100
1410759301 100
1410759611 100
1410759922 99
1410760232 100
1410760542 100
1410760852 100
1410761162 100
1410761472 100
1410761782 100
1410762092 100
1410762402 100
1410762712 100
1410763022 100
1410763332 100
1410763642 100
1410763952 100
1410764262 100
1410764572 100
1410764882 100
1410765192 100
1410765502 100
1410765812 100
1410766122 100
1410766432 100
1410766732 100
1410767042 100
1410767352 100
1410767662 100
1410767972 100
1410768283 30
1410768592 100
1410768902 100
1410769212 100
1410769522 100
1410769832 100
1410770142 100
1410770452 100
1410770763 100
1410771073 100
1410771383 100
1410771693 100
1410772003 100
1410772313 100
1410772623 100
1410772933 100
1410773243 100
1410773553 100
1410773863 100
1410774173 100
1410774483 100
1410774793 100
1410775103 100
1410775413 100
1410775723 100
1410776033 100
1410776343 100
1410776653 100
1410776963 100
1410777273 100
1410777583 100
1410777893 100
1410778203 100
1410778503 100
1410778813 100
1410779123 100
1410779433 100
1410779743 100
1410780053 100
1410780363 100
1410780673 100
1410780983 100
1410781293 100
1410781603 100
1410781913 100
1410782223 100
1410782533 100
1410782843 98
1410783153 100
1410783463 100
1410783773 100
1410784083 100
1410784393 100
1410784704 100
1410785014 100
1410785324 100
1410785634 100
1410785944 100
1410786254 100
1410786564 100
1410786874 100
1410787184 100
1410787494 100
1410787804 100
1410788114 100
1410788424 100
1410788734 100
1410789044 100
1410789354 100
1410789661 100
1410789971 100
1410790281 100
1410790591 100
1410790901 100
1410791211 100
1410791511 100
1410791821 100
1410792131 100
1410792441 100
1410792751 99
1410793061 100
1410793371 100
1410793681 100
1410793991 100
1410794301 99
1410794611 100
1410794921 100
1410795231 100
1410795541 100
1410795851 100
1410796161 99
1410796471 100
1410796781 100
1410797091 100
1410797402 100
1410797711 100
1410798022 99
1410798332 100
1410798641 100
1410798952 100
1410799262 99
1410799572 100
1410799882 100
1410800192 100
1410800502 100
1410800812 100
1410801122 100
1410801432 100
1410801742 100
1410802052 100
1410802362 100
1410802672 100
1410802982 100
1410803292 100
1410803602 100
1410803912 100
1410804212 100
1410804522 96
1410804832 100
1410805142 100
1410805452 100
1410805762 100
1410806072 100
1410806382 100
1410806692 100
1410807002 100
1410807312 100
1410807622 100
1410807932 100
1410808242 100
1410808552 100
1410808862 100
1410809172 100
1410809482 100
1410809792 100
1410810102 100
1410810412 100
1410810723 100
1410811033 100
1410811343 100
1410811653 99
1410811963 100
1410812273 100
1410812583 100
1410812893 100
1410813203 99
1410813513 99
1410813823 100
1410814133 100
1410814443 100
1410814753 100
1410815063 100
1410815373 98
1410815683 100
1410815993 100
1410816303 100
1410816613 100
1410816923 100
1410817233 100
1410817533 99
1410817843 100
1410818153 100
1410818463 99
1410818773 100
1410819083 100
1410819393 100
1410819703 99
1410820013 100
1410820323 100
1410820633 99
1410820934 100
1410821244 100
1410821554 100
1410821864 100
1410822174 98
1410822484 100
1410822794 100
1410823104 100
1410823414 100
1410823724 100
1410824034 99
1410824344 100
1410824654 100
1410824964 100
1410825274 100
1410825584 99
1410825894 100
1410826205 100
1410826514 100
1410826825 100
1410827134 100
1410827444 100
1410827755 100
1410828064 100
1410828375 100
1410828685 100
1410828995 100
1410829305 100
1410829615 100
1410829925 100
1410830235 100
1410830545 99
1410830855 100
1410831165 100
1410831475 100
1410831785 100
1410832095 100
1410832405 100
1410832715 100
1410833025 100
1410833335 100
1410833645 100
1410833955 100
1410834255 100
1410834565 100
1410834875 100
1410835185 100
1410835495 99
1410835805 100
1410836115 100
1410836425 100
1410836735 100
1410837045 100
1410837355 100
1410837665 100
1410837975 100
1410838285 100
1410838595 100
1410838905 100
1410839215 100
1410839525 100
1410839835 100
1410840146 100
1410840455 100
1410840765 100
1410841075 100
1410841386 100
1410841696 100
1410842006 100
1410842316 100
1410842626 100
1410842936 100
1410843246 100
1410843556 99
1410843866 100
1410844176 100
1410844486 100
1410844796 100
1410845106 100
1410845416 100
1410845726 100
1410846036 100
1410846346 100
1410846656 100
1410846966 100
1410847266 100
1410847576 100
1410847886 100
1410848196 100
1410848506 100
1410848816 100
1410849126 100
1410849436 100
1410849746 100
1410850056 100
1410850366 100
1410850673 100
1410850983 99
1410851293 100
1410851603 100
1410851913 100
1410852223 100
1410852533 100
1410852843 100
1410853153 100
1410853463 99
1410853774 100
1410854084 100
1410854394 100
1410854704 100
1410855014 100
1410855324 100
1410855634 100
1410855944 100
1410856254 100
1410856564 100
1410856874 100
1410857184 100
1410857494 100
1410857804 100
1410858114 100
1410858424 100
1410858734 100
1410859044 100
1410859354 100
1410859664 99
1410859974 99
1410860284 100
1410860584 100
1410860894 100
1410861204 100
1410861514 100
1410861824 100
1410862134 99
1410862444 100
1410862754 100
1410863064 100
1410863374 100
1410863684 100
1410863994 100
1410864304 100
1410864614 100
1410864924 99
1410865234 99
1410865544 100
1410865854 100
1410866164 100
1410866474 100
1410866784 99
1410867094 99
1410867404 100
1410867714 100
1410868025 100
1410868334 100
1410868645 100
1410868955 100
1410869265 98
1410869575 100
1410869885 100
1410870195 100
1410870506 81
1410870816 87
1410871115 100
1410871425 73
1410871727 72
1410872041 22
1410872339 61
1410872649 79
1410872959 73
1410873269 77
1410873579 82
1410873889 79
1410874199 78
1410874509 68
1410874819 85
1410875129 84
1410875439 95
1410875750 72
1410876059 72
1410876369 72
1410876679 80
1410876989 74
1410877299 69
1410877609 67
1410877916 77
1410878226 75
1410878536 65
1410878846 73
1410879156 74
1410879467 69
1410879776 72
1410880086 85
1410880396 82
1410880706 83
1410881016 57
1410881326 78
1410881636 86
1410881946 88
1410882256 97
1410882566 84
1410882876 77
1410883186 100
1410883496 82
1410883806 100
1410884116 71
1410884426 66
1410884736 73
1410885046 77
1410885356 99
1410885666 70
1410885976 99
1410886286 99
1410886596 50
1410886906 81
1410887216 83
1410887526 90
1410887836 92
1410888146 82
1410888456 96
1410888766 83
1410889076 82
1410889386 95
1410889696 77
1410890006 97
1410890316 25
1410890629 100
1410890937 77
1410891247 87
1410891557 77
1410895153 31
1410896907 71
1410897216 100
1410897526 100
1410897837 100
1410898146 100
1410898456 100
1410898766 100
1410899076 100
1410899387 100
1410899697 100
1410900007 100
1410900317 100
1410900627 100
1410900937 100
1410901247 100
1410901557 100
1410901867 100
1410902177 100
1410902477 100
1410902787 100
1410903097 100
1410903407 100
1410903717 100
1410904027 100
1410904337 100
1410904647 99
1410904957 100
1410905262 100
1410905572 100
1410905883 100
1410906193 100
1410906503 100
1410906813 100
1410907123 100
1410907433 100
1410907743 100
1410908053 100
1410908363 100
1410908673 100
1410908983 100
1410909293 100
1410909593 100
1410909903 100
1410910213 100
1410910523 100
1410910833 100
1410911143 100
1410911453 99
1410911763 100
1410912074 100
1410912383 100
1410912693 99
1410913004 100
1410913314 100
1410913624 100
1410913934 100
1410914244 100
1410914554 100
1410914864 100
1410915174 100
1410915484 100
1410915794 100
1410916104 100
1410916414 100
1410916724 100
1410917024 100
1410917334 100
1410917644 100
1410917954 100
1410918264 100
1410918574 100
1410918884 100
1410919194 100
1410919505 100
1410919816 72
1411005659 91
1411005967 50
1411006277 36
1411006587 99
1411006898 46
1411007208 44
1411007518 44
1411007828 43
1411008138 35
1411008448 39
1411008758 39
1411009069 49
1411009379 46
1411009679 100
1411009989 100
1411010299 100
1411010614 22
1411010910 100
1411846743 100
1411847136 55
1411847445 100
1411847755 100
1411848065 100
1411848375 99
1411848685 100
1411848996 100
1411849305 100
1411849616 100
1411849926 100
1411850236 100
1411850546 100
1411850856 100
1411851166 100
1411851476 32
1411851786 35
1411852096 34
1411852396 32
1411852706 100
1411853016 100
1411853326 100
1411853636 100
1411853946 100
1411854256 100
1411854566 100
1411854876 100
1411855186 100
1411855496 100
1411855806 100
1411856117 100
1411856427 100
1411856737 100
1411857047 100
1411857357 100
1411857667 100
1411857977 100
1411858287 100
1411858597 100
1411858907 100
1411859217 100
1411859527 100
1411859837 100
1411860147 100
1411860457 100
1411860767 100
1411861077 100
1411861379 100
1411861689 100
1411861999 100
1411862309 100
1411862619 100
1411862929 100
1411863239 100
1411863549 100
1411863849 100
1411864159 100
1411864469 100
1411864779 100
1411865089 97
1411865399 100
1411865709 100
1411866019 100
1411866329 100
1411866639 100
1411866949 100
1411867259 99
1411867569 100
1411867879 100
1411868189 100
1411868499 99
1411868809 100
1411869119 100
1411869429 100
1411869740 100
1411870049 100
1411870360 100
1411870670 100
1411870980 100
1411871290 100
1411871600 100
1411871910 100
1411872220 100
1411872530 100
1411872840 100
1411873150 100
1411873460 100
1411873770 100
1411874080 100
1411874390 100
1411874700 90
1411875010 100
1411875310 100
1411875620 100
1411875930 99
1411876240 100
1411876550 100
1411876860 100
1411877170 100
1411877480 100
1411877790 100
1411878100 100
1411878410 100
1411878720 100
1411879030 100
1411879340 100
1411879650 99
1411879960 100
1411880270 100
1411880580 100
1411880890 100
1411881200 100
1411881510 100
1411881820 100
1411882131 100
1411882441 100
1411882751 100
1411883061 100
1411883371 100
1411883681 100
1411883991 100
1411884301 100
1411884611 100
1411884921 100
1411885231 100
1411885541 100
1411885851 100
1411886161 100
1411886461 100
1411886771 100
1411887081 100
1411887388 100
1411887698 100
1411888008 100
1411888318 100
1411888618 100
1411888928 100
1411889238 100
1411889548 100
1411889858 100
1411890168 100
1411890478 100
1411890788 100
1411891098 100
1411891408 100
1411891718 100
1411892028 100
1411892333 100
1411892643 29
1411892944 31
1411893254 31
1411893564 33
1411893873 100
1411894183 100
1411894494 100
1411894804 100
1411895114 100
1411895424 100
1411895734 100
1411896044 100
1411896354 100
1411896664 100
1411896974 100
1411897284 100
1411897594 100
1411897904 100
1411898214 100
1411898524 100
1411898834 100
1411899144 100
1411899454 100
1411899764 100
1411900074 100
1411900374 100
1411900684 100
1411900994 100
1411901304 100
1411901614 100
1411901924 100
1411902234 100
1411902544 100
1411902854 100
1411903164 100
1411903474 100
1411903784 100
1411904094 100
1411904404 100
1411904714 100
1411905024 100
1411905334 100
1411905644 100
1411905954 100
1411906265 100
1411906575 100
1411906885 100
1411907195 100
1411907505 96
1411907815 100
1411908125 99
1411908435 100
1411908745 100
1411909055 100
1411909365 100
1411909675 100
1411909985 100
1411910295 100
1411910605 100
1411910915 100
1411911225 100
1411911535 100
1411911845 100
1411912155 99
1411912455 100
1411912765 100
1411913075 100
1411913385 100
1411913695 99
1411914005 100
1411914315 49
1411914625 100
1411914935 100
1411915245 100
1411915555 100
1411915865 100
1411916175 100
1411916485 100
1411916796 100
1411917106 100
1411917416 100
1411917726 100
1411918036 100
1411918346 100
1411918656 100
1411918966 100
1411919276 100
1411919586 99
1411919896 100
1411920206 100
1411920506 100
1411920816 99
1411921126 100
1411921436 100
1411921746 100
1411922056 100
1411922362 100
1411922664 100
1411922974 100
1411923284 100
1411923594 100
1411923904 100
1411924214 100
1411924524 100
1411924834 100
1411925134 100
1411925444 100
1411925754 100
1411926064 93
1411926374 99
1411926684 100
1411926994 100
1411927304 100
1411927612 100
1411927922 100
1411928232 100
1411928542 100
1411928853 100
1411929163 100
1411929473 100
1411929783 100
1411930093 99
1411930403 100
1411930713 100
1411931023 100
1411931333 100
1411931643 100
1411931953 100
1411932263 100
1411932573 100
1411932883 100
1411933193 100
1411933503 100
1411933813 100
1411934113 100
1411934423 100
1411934733 100
1411935043 100
1411935353 100
1411935663 100
1411935973 100
1411936283 100
1411936593 100
1411936903 100
1411937213 100
1411937523 100
1411937833 100
1411938143 100
1411938453 99
1411938763 100
1411939073 100
1411939383 100
1411939693 100
1411940003 100
1411940314 99
1411940624 100
1411940934 100
1411941244 99
1411941554 100
1411941864 100
1411942174 100
1411942484 100
1411942794 100
1411943104 100
1411943414 100
1411943714 100
1411944024 100
1411944334 94
1411944644 100
1411944954 99
1411945264 100
1411945574 100
1411945884 100
1411946194 100
1411946504 100
1411946814 100
1411947124 100
1411947435 100
1411947744 100
1411948055 99
1411948365 100
1411948675 100
1411948985 100
1411949295 100
1411949605 100
1411949915 100
1411950219 100
1411950529 100
1411950839 100
1411951149 100
1411951459 100
1411951769 99
1411952079 100
1411952389 100
1411952699 100
1411953009 100
1411953319 100
1411953629 100
1411953939 100
1411954239 100
1411954549 100
1411954859 100
1411955169 100
1411955479 100
1411955789 100
1411956099 100
1411956409 100
1411956719 100
1411957030 100
1411957340 100
1411957650 100
1411957956 100
1411958266 100
1411958576 100
1411958886 100
1411959192 100
1411959503 100
1411959813 100
1411960123 100
1411960433 100
1411960743 100
1411961053 100
1411961363 100
1411961673 100
1411961983 100
1411962293 100
1411962603 100
1411962913 100
1411963223 100
1411963523 100
1411963833 100
1411964143 100
1411964453 100
1411964763 100
1411965073 100
1411965383 100
1411965693 100
1411966003 100
1411966313 99
1411966615 100
1411967193 69
1411967502 99
1411967812 98
1411968372 50
1411968682 49
1411968992 99
1411969292 100
1411969602 100
1411969912 100
1411970213 100
1411970523 100
1411970833 100
1411971143 100
1411971453 100
1411971764 100
1411972073 100
1411972384 49
1411972693 95
1411973003 100
1411973314 100
1411973623 100
1411973934 99
1411974244 100
1411974554 100
1411974864 100
1411975174 99
1411975484 100
1411975794 100
1411976104 97
1411976414 100
1411976714 100
1411977024 100
1411977334 100
1411977644 100
1411977954 100
1411978264 100
1411978574 100
1411978884 100
1411979194 99
1411979504 98
1411979814 100
1411980124 100
1411980434 100
1411980744 100
1411981054 99
1411981364 100
1411981674 100
1411981984 100
1411982294 100
1411982604 100
1411982914 100
1411983224 100
1411983534 100
1411983844 100
1411984154 100
1411984465 100
1411984774 98
1411985084 100
1411985395 100
1411985705 99
1411986015 100
1411986325 100
1411986635 100
1411986945 100
1411987255 99
1411987565 97
1411987875 100
1411988185 100
1411988495 100
1411988805 100
1411989115 100
1411989425 100
1411989735 100
1411990045 100
1411990355 100
1411990665 100
1411990975 100
1411991285 99
1411991595 100
1411991905 100
1411992215 100
1411992525 100
1411992835 100
1411993145 100
1411993455 100
1411993765 100
1411994075 100
1411994385 100
1411994685 99
1411994995 100
1411995305 100
1411995615 100
1411995925 100
1411996235 100
1411996545 100
1411996855 100
1411997165 56
1411997475 100
1411997785 100
1411998095 100
1411998405 100
1411998715 100
1411999025 100
1411999335 100
1411999645 100
1411999955 100
1412000265 100
1412000575 100
1412000885 100
1412001195 100
1412001500 100
1412001810 100
1412002116 100
1412002426 100
1412002734 100
1412003043 100
1412003353 100
1412003663 100
1412003973 100
1412004283 100
1412004593 100
1412004903 100
1412005213 100
1412005513 100
1412005823 100
1412006133 100
1412006443 100
1412006753 100
1412007063 100
1412007371 99
1412007681 100
1412007991 100
1412008301 99
1412008601 100
1412008911 100
1412009221 100
1412009531 100
1412009841 100
1412010151 100
1412010461 100
1412010771 100
1412011077 100
1412011378 100
1412011679 100
1412011987 100
1412012297 100
1412012607 100
1412012917 100
1412013227 100
1412013537 99
1412013847 100
1412014157 100
1412014468 100
1412014778 100
1412015085 100
1412015385 100
1412015727 53
1412016037 100
1412016483 64
1412016793 100
1412017098 100
1412017408 100
1412017718 100
1412018028 100
1412018338 100
1412018639 100
1412018940 100
1412019250 100
1412019557 100
1412019867 100
1412020176 100
1412020487 100
1412020797 100
1412021107 100
1412021408 100
1412021718 100
1412022024 100
1412022334 100
1412022644 99
1412022954 99
1412023264 100
1412023574 100
1412023884 100
1412024192 100
1412024502 100
1412024812 100
1412025122 100
1412025432 100
1412025742 100
1412026042 100
1412026352 100
1412026662 100
1412026972 100
1412027276 100
1412027586 100
1412027896 100
1412028206 100
1412028516 100
1412028816 100
1412029126 100
1412029436 100
1412029746 100
1412030056 100
1412030366 100
1412030676 100
1412030986 100
1412031296 100
1412031598 100
1412031908 100
1412032218 100
1412032529 100
1412032839 100
1412033149 100
1412033459 100
1412033769 100
1412034075 100
1412034385 100
1412034695 100
1412035005 100
1412035315 100
1412035625 100
1412035935 100
1412036245 100
1412036555 100
1412036855 100
1412037165 100
1412037475 100
1412037785 100
1412038095 100
1412038405 100
1412038715 100
1412039025 100
1412039335 100
1412039645 100
1412039956 100
1412040265 100
1412040576 100
1412040886 100
1412041196 94
1412041506 100
1412041816 100
1412042126 100
1412042436 100
1412042746 100
1412043056 99
1412043366 3
1412043676 50
1412043976 50
1412044286 50
1412044596 50
1412044906 50
1412045217 50
1412045527 50
1412045827 100
1412046138 47
1412046447 60
1412046757 50
1412047067 50
1412047377 49
1412047687 50
1412047997 50
1412048308 50
1412048618 50
1412048918 50
1412049228 100
1412049538 100
1412050033 53
1412050343 50
1412050643 50
1412050953 49
1412051263 50
1412051573 7
1412051883 66
1412052193 50
1412052503 50
1412052814 50
1412053123 50
1412053434 49
1412053744 50
1412054054 41
1412054364 100
1412054674 100
1412054984 100
1412055294 100
1412055604 100
1412055914 100
1412056224 100
1412056534 100
1412056844 100
1412057154 99
1412057464 100
1412057765 100
1412058075 100
1412058377 99
1412058687 100
1412058997 100
1412059302 100
1412059613 100
1412059923 100
1412060233 100
1412060542 99
1412060853 98
1412061163 100
1412061473 100
1412061783 100
1412062093 100
1412062399 100
1412062700 100
1412063010 100
1412063319 100
1412063621 100
1412063931 100
1412064241 100
1412064551 100
1412064861 100
1412065171 100
1412065481 100
1412065791 100
1412066101 100
1412066411 100
1412066721 100
1412067021 100
1412067331 99
1412067633 100
1412067934 100
1412068244 100
1412068548 100
1412068858 100
1412069168 100
1412069478 100
1412069788 100
1412070098 100
1412070408 100
1412070718 100
1412071028 100
1412071338 100
1412071648 100
1412071958 100
1412072268 100
1412072578 100
1412072888 100
1412073198 100
1412073508 100
1412073818 100
1412074128 100
1412074438 100
1412074748 100
1412075058 100
1412075358 100
1412075668 100
1412075968 100
1412076278 100
1412076588 100
1412076898 100
1412077208 100
1412077518 100
1412077828 100
1412078138 100
1412078448 100
1412078758 100
1412079068 100
1412079378 100
1412079688 100
1412079998 100
1412080308 100
1412080619 100
1412080928 100
1412081238 100
1412081549 100
1412081858 100
1412082169 100
1412082478 99
1412082789 100
1412083098 100
1412083408 100
1412083719 100
1412084029 100
1412084339 100
1412084649 100
1412084959 100
1412085269 100
1412085579 100
1412085889 100
1412086199 100
1412086509 100
1412086819 100
1412087129 100
1412087439 100
1412087749 100
1412088059 100
1412088369 100
1412088679 100
1412088989 100
1412089299 100
1412089609 100
1412089919 100
1412090229 100
1412090539 100
1412090849 100
1412091159 100
1412091469 100
1412091769 100
1412092079 100
1412092389 100
1412092699 100
1412093009 100
1412093319 100
1412093629 100
1412093939 100
1412094249 100
1412094559 100
1412094869 100
1412095180 100
1412095489 100
1412095800 100
1412096110 100
1412096419 100
1412096730 100
1412097039 100
1412097350 100
1412097660 100
1412097969 100
1412098280 100
1412098585 100
1412098896 100
1412099206 100
1412099516 100
1412099826 100
1412100136 100
1412100446 100
1412100756 100
1412101066 100
1412101376 99
1412101686 100
1412101996 100
1412102306 100
1412102616 100
1412102926 100
1412103236 100
1412103546 100
1412103856 100
1412104166 100
1412104476 100
1412104776 100
1412105086 100
1412105396 100
1412105706 100
1412106016 99
1412106326 100
1412106636 100
1412106947 100
1412107256 100
1412107567 100
1412107876 100
1412108187 100
1412108496 100
1412108807 100
1412109116 100
1412109426 100
1412109737 100
1412110046 100
1412110357 100
1412110667 100
1412110977 100
1412111287 100
1412111597 100
1412111907 100
1412219586 100
1412219894 100
1412220204 100
1412220515 100
1412220825 100
1412221135 100
1412221445 100
1412221755 100
1412222065 100
1412222375 99
1412222685 100
1412223210 100
1412223517 100
1412223827 100
1412224137 100
1412224447 100
1412224757 100
1412225067 100
1412225378 100
1412225688 100
1412225998 49
1412226308 100
1412226618 99
1412226928 100
1412227238 46
1412227548 100
1412227858 100
1412228158 100
1412228468 100
1412228778 100
1412229088 100
1412229398 100
1412229708 100
1412230018 100
1412230328 100
1412230639 100
1412230949 100
1412231259 100
1412231569 100
1412231879 100
1412232189 100
1412232498 98
1412232808 100
1412233118 100
1412233428 100
1412233738 100
1412234048 100
1412234358 100
1412234668 100
1412234978 99
1412235289 100
1412235599 100
1412235909 100
1412236219 100
1412236529 100
1412236839 100
1412237149 100
1412237459 100
1412237769 99
1412238079 100
1412238389 100
1412238699 100
1412239009 100
1412239309 100
1412239619 100
1412239929 100
1412240239 100
1412240549 100
1412240859 100
1412241169 100
1412241479 100
1412241789 100
1412242099 100
1412242409 100
1412242720 100
1412243030 99
1412243340 99
1412243650 100
1412243960 100
1412244270 100
1412244580 100
1412244890 99
1412245200 100
1412245510 100
1412245820 100
1412246130 99
1412246440 100
1412246750 100
1412247060 100
1412247370 100
1412247670 100
1412247980 100
1412248290 100
1412248600 100
1412248910 100
1412249220 100
1412249530 100
1412249840 100
1412250150 100
1412250460 99
1412250770 100
1412251080 99
1412251391 100
1412251701 100
1412252011 99
1412252321 100
1412252631 100
1412252941 100
1412253251 100
1412253561 100
1412253871 100
1412254181 100
1412256835 100
1412257144 100
1412257454 100
1412257764 100
1412258074 100
1412258384 100
1412258694 99
1412258994 100
1412259304 99
1412259614 100
1412259924 100
1412260234 100
1412260534 100
1412260844 100
1412261154 100
1412261464 100
1412261774 100
1412262084 100
1412262394 100
1412262704 100
1412263014 100
1412263324 99
1412263634 100
1412263944 100
1412264254 100
1412264564 100
1412264875 100
1412265184 100
1412265495 100
1412265805 100
1412266115 100
1412266425 100
1412266735 100
1412267045 100
1412267355 100
1412267665 100
1412267975 100
1412268285 100
1412268913 95
1412269223 100
1412269533 100
1412269843 100
1412270153 100
1412270463 100
1412270773 100
1412271083 99
1412271393 100
1412271693 100
1412272003 100
1412272313 100
1412272623 100
1412272933 99
1412273243 100
1412273553 100
1412273864 100
1412274173 99
1412274484 100
1412274793 100
1412275104 100
1412275414 98
1412275724 100
1412276034 100
1412276344 100
1412276654 100
1412276964 43
1412277274 100
1412277584 100
1412277894 99
1412278204 100
1412278514 100
1412278825 100
1412279135 100
1412279445 100
1412279754 100
1412280065 100
1412280375 100
1412280685 100
1412280995 100
1412281305 100
1412281615 100
1412281925 99
1412282235 100
1412282545 100
1412282855 100
1412283165 99
1412283465 99
1412283775 100
1412284085 100
1412284395 100
1412284705 100
1412285007 98
1412285317 100
1412285627 100
1412285937 100
1412286247 100
1412286547 100
1412286857 100
1412287167 100
1412287477 100
1412287787 100
1412288097 99
1412288407 100
1412288717 99
1412289028 99
1412289338 100
1412289647 100
1412289958 100
1412290268 100
1412290578 100
1412290888 99
1412291198 100
1412291508 100
1412291818 100
1412292128 100
1412292438 100
1412292748 100
1412293048 100
1412293358 100
1412293668 100
1412293978 100
1412294288 100
1412294598 100
1412294908 100
1412295219 99
1412295528 100
1412295838 100
1412296149 100
1412296459 100
1412296769 100
1412297079 100
1412297389 100
1412297699 100
1412298009 100
1412298319 100
1412298629 100
1412298939 100
1412299249 100
1412299549 100
1412299859 100
1412300169 100
1412300479 100
1412300790 100
1412301099 100
1412301409 100
1412301719 100
1412302030 100
1412302340 100
1412302650 100
1412302960 100
1412303270 100
1412303580 100
1412303890 100
1412304200 100
1412304510 99
1412304820 100
1412305130 100
1412305440 99
1412305740 100
1412306050 100
1412306360 100
1412306670 100
1412306980 100
1412307290 100
1412307600 100
1412307910 100
1412308221 100
1412308531 98
1412308841 100
1412309151 100
1412309461 99
1412309765 99
1412310076 99
1412310386 100
1412310696 100
1412311006 99
1412311316 100
1412311626 100
1412311936 100
1412312236 100
1412312546 100
1412312856 100
1412313166 100
1412313476 100
1412313786 100
1412314096 100
1412314406 100
1412314717 100
1412315027 100
1412315337 100
1412315647 100
1412315955 100
1412316266 100
1412316576 100
1412316886 100
1412317196 100
1412317506 100
1412317816 100
1412318126 100
1412318436 99
1412318746 100
1412319046 100
1412319356 100
1412319666 100
1412319976 100
1412320286 100
1412320596 100
1412320906 100
1412321216 100
1412321526 100
1412321837 100
1412322146 100
1412322457 100
1412322767 100
1412323077 100
1412323387 50
1412323697 100
1412324007 100
1412324317 100
1412324627 100
1412324937 100
1412325247 99
1412325557 100
1412325857 100
1412326167 100
1412326477 100
1412326787 100
1412327097 100
1412327407 99
1412327717 100
1412328027 99
1412328338 100
1412328647 100
1412328957 99
1412329268 100
1412329578 99
1412329888 100
1412330198 100
1412330508 100
1412330818 100
1412331128 100
1412331438 100
1412331748 100
1412332055 100
1412332366 100
1412332676 100
1412332986 100
1412333296 100
1412333606 100
1412333916 100
1412334226 100
1412334536 100
1412334846 100
1412335156 100
1412335466 100
1412335776 100
1412336086 100
1412336386 100
1412336696 100
1412337006 100
1412337316 100
1412337626 99
1412337936 100
1412338247 100
1412338556 100
1412338867 100
1412339176 100
1412339487 100
1412339797 100
1412340107 100
1412340417 100
1412340727 100
1412341037 100
1412341347 100
1412341657 100
1412341967 100
1412342277 100
1412342587 100
1412342897 100
1412343197 100
1412343507 100
1412343817 99
1412344127 99
1412344437 100
1412344748 100
1412345057 100
1412345368 100
1412345678 100
1412345988 100
1412346298 100
1412346608 100
1412346918 100
1412347228 100
1412347538 100
1412347848 100
1412348158 100
1412348468 100
1412348778 100
1412349088 100
1412349388 100
1412349698 100
1412350008 100
1412350318 100
1412350628 100
1412350938 100
1412351248 100
1412351559 100
1412351868 100
1412352179 100
1412352489 100
1412352799 100
1412353109 100
1412353419 100
1412353729 100
1412354039 99
1412354349 100
1412354659 100
1412354963 100
1412355273 99
1412355582 100
1412355892 100
1412356202 100
1412356512 100
1412356822 100
1412357132 100
1412357432 100
1412357742 100
1412358052 99
1412358362 100
1412358672 99
1412358982 100
1412359292 100
1412359602 100
1412359913 100
1412360222 100
1412360533 100
1412360842 100
1412361152 99
1412361463 100
1412361773 99
1412362083 100
1412362393 100
1412362703 100
1412363013 99
1412363323 100
1412363633 100
1412363943 100
1412364253 100
1412364563 100
1412364863 100
1412365173 100
1412365483 100
1412365793 99
1412366103 76
1412366413 100
1412366723 99
1412367034 100
1412367343 100
1412367654 100
1412367963 100
1412368274 99
1412368584 100
1412368894 100
1412369204 100
1412369514 100
1412369824 100
1412370134 100
1412370444 100
1412370754 100
1412371064 100
1412371374 99
1412371684 100
1412371994 100
1412372294 100
1412372604 100
1412372914 100
1412373224 100
1412373534 100
1412373844 100
1412374154 100
1412374464 100
1412374775 100
1412375085 100
1412375395 100
1412375705 100
1412376015 100
1412376325 100
1412376635 100
1412376935 100
1412377245 100
1412377555 100
1412377865 100
1412378175 100
1412378486 99
1412378796 100
1412379098 100
1412379408 99
1412379708 100
1412380018 100
1412380328 100
1412380638 100
1412380948 100
1412381258 100
1412381569 100
1412381878 100
1412382189 100
1412382498 100
1412382809 100
1412383119 100
1412383429 100
1412383739 100
1412384049 100
1412384359 100
1412384669 99
1412384979 100
1412385289 100
1412385599 100
1412385909 100
1412386219 100
1412386519 100
1412386829 100
1412387139 100
1412387449 100
1412387759 100
1412388069 100
1412388379 100
1412388690 100
1412388999 100
1412389310 100
1412389620 100
1412389929 100
1412390239 100
1412390550 100
1412390860 100
1412391170 100
1412391480 100
1412391790 100
1412392100 100
1412392410 100
1412392720 100
1412393030 100
1412393330 100
1412393641 100
1412393950 100
1412394260 100
1412394570 99
1412394881 47
1412395193 90
1412395501 100
1412395811 93
1412396119 95
1412396424 96
1412396733 100
1412397043 83
1412397353 100
1412397663 100
1412397973 100
1412398283 100
1412398593 100
1412398903 100
1412399203 100
1412399513 99
1412399823 100
1412400133 100
1412400443 100
1412400753 100
1412401056 100
1412401366 100
1412401676 100
1412401976 100
1412402286 100
1412402596 100
1412402906 100
1412403216 100
1412403526 100
1412403837 100
1412404147 96
1412404457 100
1412404767 100
1412405077 100
1412405387 100
1412405697 92
1412406007 89
1412406317 100
1412406627 100
1412406937 100
1412407247 100
1412407547 100
1412407857 100
1412408167 99
1412408477 100
1412408788 100
1412409097 100
1412409407 100
1412409718 27
1412410028 93
1412410338 100
1412410648 100
1412410958 100
1412411268 100
1412411578 97
1412411888 95
1412412198 99
1412412508 98
1412412818 100
1412413119 87
1412413428 100
1412413738 99
1412414049 100
1412414359 100
1412414669 100
1412414979 100
1412415289 100
1412415599 99
1412415909 100
1412416219 100
1412416529 98
1412416839 100
1412417149 100
1412417459 100
1412417769 100
1412418069 100
1412418379 100
1412418689 100
1412418999 100
1412419309 100
1412419619 100
1412419929 100
1412420239 100
1412420550 100
1412420860 100
1412421169 100
1412421471 100
1412421781 99
1412422091 100
1412422401 100
1412422711 100
1412423021 100
1412423331 100
1412423641 100
1412423951 100
1412424261 99
1412424571 99
1412424881 100
1412425181 100
1412425491 100
1412425801 100
1412426111 100
1412426421 100
1412426731 98
1412427041 100
1412427351 100
1412427662 100
1412427971 100
1412428282 100
1412428592 84
1412428903 39
1412429213 11
1412429522 99
1412429832 100
1412430142 50
1412430452 100
1412430762 99
1412431072 88
1412431382 100
1412431692 100
1412432002 100
1412432302 100
1412432612 99
1412432922 100
1412433232 100
1412433542 100
1412433852 100
1412434162 100
1412434472 100
1412434783 80
1412435093 100
1412435403 99
1412435712 100
1412436023 100
1412436333 99
1412436643 100
1412436953 99
1412437263 100
1412437573 100
1412437883 100
1412438193 98
1412438503 100
1412438813 99
1412439123 100
1412439423 79
1412439733 100
1412440043 100
1412440353 100
1412440664 100
1412440974 100
1412441283 100
1412441594 100
1412441903 100
1412442214 100
1412442524 100
1412442834 99
1412443144 100
1412443454 100
1412443764 100
1412444074 100
1412444384 100
1412444686 100
1412444996 100
1412445306 19
1412445617 100
1412445926 100
1412446237 100
1412446546 100
1412446857 100
1412447166 100
1412447477 100
1412447787 100
1412448097 100
1412448407 100
1412448717 100
1412449027 100
1412449337 100
1412449647 100
1412449957 100
1412450267 100
1412450577 100
1412450887 100
1412451197 99
1412451507 99
1412451817 100
1412452127 100
1412452437 100
1412452747 100
1412453057 100
1412453367 100
1412453677 100
1412453977 100
1412454287 100
1412454597 100
1412454907 100
1412455217 100
1412455527 100
1412455837 100
1412456147 100
1412456457 100
1412456768 100
1412457077 100
1412457388 99
1412457698 100
1412458008 100
1412458318 100
1412458628 100
1412458938 100
1412459248 100
1412459558 100
1412459868 100
1412460178 100
1412460488 100
1412460798 100
1412461108 99
1412461418 100
1412462077 100
1412462387 100
1412462697 100
1412463007 99
1412463317 100
1412463627 97
1412463937 98
1412464248 99
1412464557 98
1412464867 100
1412465177 100
1412465487 100
1412465797 100
1412466097 100
1412466407 100
1412466717 100
1412467027 100
1412467337 100
1412467647 100
1412467957 99
1412468259 100
1412468569 100
1412468879 100
1412469190 100
1412469499 100
1412469810 100
1412470120 100
1412470429 100
1412470740 100
1412471050 100
1412471360 100
1412471670 100
1412471980 100
1412472290 100
1412472600 100
1412472910 100
1412473220 100
1412473530 98
1412473840 100
1412474150 100
1412474460 100
1412474770 100
1412475080 100
1412475390 99
1412475700 100
1412476010 100
1412476310 100
1412476620 100
1412476930 100
1412477240 100
1412477550 99
1412477860 100
1412478170 100
1412478481 100
1412478790 100
1412479101 100
1412479410 100
1412479721 100
1412480031 100
1412480340 99
1412480651 100
1412480961 99
1412481271 100
1412481581 100
1412481891 100
1412482201 100
1412482511 100
1412482821 100
1412483131 100
1412483441 100
1412483751 100
1412484061 100
1412484371 99
1412484681 100
1412484981 100
1412485291 100
1412485601 100
1412485911 100
1412486221 100
1412486531 100
1412486841 100
1412487151 100
1412487461 100
1412487771 100
1412488077 100
1412488387 100
1412488697 100
1412489007 100
1412489307 100
1412489616 100
1412489926 100
1412490236 100
1412490546 100
1412490856 100
1412491166 100
1412491476 100
1412491787 100
1412492097 100
1412492407 100
1412492717 100
1412493027 99
1412493337 100
1412493647 100
1412493957 100
1412494267 99
1412494577 100
1412494887 100
1412495197 100
1412495507 100
1412495817 100
1412496128 50
1412496437 50
1412496747 100
1412497057 100
1412497367 34
1412497678 30
1412497987 30
1412498297 30
1412498597 100
1412498907 99
1412499217 100
1412499527 100
1412499837 100
1412500148 100
1412500458 100
1412500768 100
1412501078 100
1412501388 100
1412501698 100
1412502008 100
1412502318 99
1412502628 100
1412502938 100
1412503248 100
1412503558 100
1412503868 100
1412504178 100
1412504488 100
1412504798 100
1412505108 100
1412505408 100
1412505718 100
1412506028 100
1412506339 100
1412506648 100
1412506958 100
1412507268 100
1412507578 100
1412507888 100
1412508199 100
1412508508 100
1412508819 100
1412509129 100
1412509439 100
1412509749 100
1412510059 100
1412510369 100
1412510679 100
1412510983 100
1412511293 100
1412511603 100
1412511913 100
1412512223 100
1412512523 100
1412512833 100
1412513143 100
1412513453 100
1412513763 100
1412514073 100
1412514383 100
1412514693 100
1412515003 100
1412515313 100
1412515623 100
1412515934 100
1412516243 100
1412516554 100
1412516863 100
1412517174 99
1412517484 100
1412517794 100
1412518104 100
1412518414 100
1412518724 100
1412519034 100
1412519344 100
1412519654 49
1412519964 100
1412520274 100
1412520584 100
1412520894 99
1412521204 100
1412521514 100
1412521824 100
1412522134 100
1412522444 100
1412522744 53
1412523057 91
1412523365 100
1412523674 32
1412523985 100
1412524295 100
1412524605 99
1412524915 100
1412526856 91
1412527167 100
1412527477 100
1412527776 100
1412528087 99
1412528394 100
1412528694 99
1412529004 100
1412529314 100
1412529625 100
1412529935 99
1412530245 100
1412530555 100
1412530865 100
1412531175 100
1412531485 100
1412531795 100
1412532105 99
1412532415 100
1412532725 99
1412533025 100
1412533335 100
1412533645 100
1412533955 100
1412534265 100
1412534575 100
1412534885 100
1412535196 100
1412535505 100
1412535816 100
1412536126 94
1412536435 50
1412536746 100
1412537056 100
1412537366 96
1412537676 100
1412537986 100
1412538296 100
1412538606 100
1412538907 100
1412539218 100
1412539528 95
1412539837 100
1412540147 100
1412540458 100
1412540760 100
1412541070 100
1412541380 100
1412541680 100
1412541990 100
1412542300 100
1412542610 100
1412542920 100
1412543230 100
1412543540 99
1412543850 100
1412544160 99
1412544470 100
1412544781 100
1412545090 100
1412545401 100
1412545711 100
1412546021 100
1412546331 100
1412546641 100
1412546951 100
1412547261 100
1412547571 100
1412547881 99
1412548191 100
1412548494 100
1412548801 100
1412549111 98
1412549414 100
1412549724 100
1412550034 100
1412550344 98
1412550646 100
1412550956 99
1412551259 100
1412551569 100
1412551879 100
1412552179 97
1412552489 100
1412552799 100
1412553110 100
1412553420 100
1412553730 99
1412554040 100
1412554350 100
1412554660 99
1412554970 100
1412555270 100
1412555581 99
1412555891 100
1412556201 100
1412556511 100
1412556821 99
1412557131 100
1412557441 100
1412557751 100
1412558061 100
1412558371 100
1412558681 100
1412558981 96
1412559291 100
1412559601 100
1412559911 100
1412560221 100
1412560531 100
1412560842 100
1412561151 100
1412561462 100
1412561772 100
1412562082 100
1412562392 100
1412562702 100
1412563012 100
1412563322 100
1412563632 100
1412563942 50
1412564252 99
1412564914 97
1412565223 99
1412565533 100
1412565844 100
1412566153 100
1412566463 100
1412566774 100
1412567084 99
1412567394 92
1412567705 100
1412568014 100
1412568315 100
1412568624 98
1412568935 97
1412569245 100
1412569553 100
1412569863 100
1412570173 100
1412570483 100
1412570793 100
1412571103 100
1412571414 100
1412571723 100
1412572033 100
1412572344 86
1412572654 100
1412572964 100
1412573274 100
1412573584 100
1412573894 100
1412574204 100
1412574514 99
1412574824 100
1412575134 100
1412575444 100
1412575754 100
1412576064 91
1412576374 100
1412576684 99
1412576994 87
1412577304 100
1412577604 100
1412577914 100
1412578224 100
1412578534 100
1412578844 99
1412579149 100
1412579459 100
1412579770 100
1412580079 99
1412580390 100
1412580700 100
1412581010 100
1412581320 100
1412581630 99
1412581940 98
1412582250 100
1412586528 99
1412586827 100
1412587137 100
1412587447 100
1412587757 100
1412588068 100
1412588377 100
1412588688 100
1412588998 100
1412589308 100
1412589618 100
1412589928 99
1412590238 100
1412590548 49
1412590858 100
1412591168 100
1412591468 100
1412591778 100
1412592088 100
1412592398 100
1412592708 100
1412593018 100
1412593328 100
1412593638 100
1412593948 100
1412594258 100
1412594569 100
1412594879 100
1412595189 100
1412595499 100
1412595809 99
1412596119 100
1412596429 100
1412596739 100
1412597049 100
1412597359 100
1412597669 100
1412597979 100
1412598289 100
1412598599 100
1412598899 95
1412599209 86
1412599519 91
1412599829 100
1412600139 100
1412600450 89
1412600759 89
1412601069 99
1412601378 100
1412601688 100
1412601998 99
1412602308 100
1412602618 100
1412602928 100
1412603238 100
1412603548 100
1412603858 100
1412604168 100
1412604478 100
1412604788 81
1412605098 100
1412605408 100
1412605718 100
1412606028 100
1412606338 100
1412606648 100
1412606948 100
1412607258 100
1412607568 100
1412607878 100
1412608188 100
1412608498 100
1412608808 100
1412609118 99
1412609423 100
1412609733 99
1412610043 100
1412610353 100
1412610660 100
1412610971 100
1412611280 100
1412611590 100
1412611900 89
1412612210 100
1412612521 99
1412612830 100
1412613141 100
1412613451 100
1412613761 100
1412614071 100
1412614381 100
1412614691 100
1412615001 99
1412615311 100
1412615621 100
1412615931 100
1412616241 99
1412616551 100
1412616861 100
1412617171 99
1412617481 100
1412617791 100
1412618101 99
1412618411 100
1412618721 100
1412619031 100
1412619341 100
1412619651 100
1412619961 99
1412620271 100
1412620571 100
1412620881 99
1412621191 99
1412621501 100
1412621811 99
1412622121 100
1412622431 100
1412622741 100
1412623051 100
1412623361 100
1412623671 100
1412623982 100
1412624291 99
1412624601 100
1412624912 100
1412625222 100
1412625532 100
1412625842 100
1412626152 97
1412626462 100
1412626772 100
1412627082 100
1412627392 100
1412627702 100
1412628012 100
1412628322 100
1412628632 100
1412628942 100
1412629252 100
1412629559 100
1412629869 84
1412630179 100
1412630489 100
1412630799 100
1412631109 100
1412631419 99
1412631729 100
1412632039 100
1412632350 100
1412632659 100
1412632970 100
1412633280 100
1412633590 100
1412633899 100
1412634210 100
1412634520 100
1412634830 100
1412635140 100
1412635450 100
1412635760 100
1412636070 100
1412636380 100
1412636690 100
1412637000 100
1412637310 99
1412637620 100
1412637930 100
1412638240 100
1412638550 100
1412638860 100
1412639170 100
1412639480 100
1412639790 100
1412640100 100
1412640410 100
1412640720 100
1412641030 100
1412641340 100
1412641640 99
1412641950 100
1412642260 100
1412642570 100
1412642880 100
1412643190 100
1412643500 100
1412643810 100
1412644121 77
1412644431 100
1412644741 100
1412645051 100
1412645361 100
1412645671 100
1412645981 100
1412646291 100
1412646601 100
1412646911 100
1412647221 100
1412647531 100
1412647841 96
1412648151 100
1412648461 100
1412648765 100
1412649075 100
1412649385 100
1412649695 100
1412650005 100
1412650315 100
1412650625 100
1412650935 100
1412651245 99
1412651555 100
1412651865 100
1412652176 100
1412652486 100
1412652796 97
1412653106 100
1412653416 100
1412653726 100
1412654036 100
1412654346 99
1412654656 100
1412654966 100
1412655276 95
1412655586 100
1412655896 100
1412656206 100
1412656516 99
1412656826 100
1412657136 100
1412657446 100
1412657756 100
1412658066 99
1412658376 99
1412658676 100
1412658986 100
1412659296 100
1412659606 100
1412659916 100
1412660226 99
1412660536 100
1412660847 85
1412661155 100
1412661465 100
1412661775 100
1412662085 96
1412662396 99
1412662706 100
1412663016 100
1412663326 99
1412663636 100
1412663946 100
1412664254 100
1412664564 100
1412664874 100
1412665184 100
1412665494 99
1412665804 99
1412666114 100
1412666424 100
1412666734 100
1412667044 100
1412667344 100
1412667654 100
1412667964 99
1412668274 100
1412668584 100
1412668894 99
1412669205 94
1412669514 86
1412669825 99
1412670135 100
1412670444 99
1412670755 100
1412671065 100
1412671375 100
1412671685 100
1412671995 100
1412672305 100
1412672615 100
1412672925 68
1412673235 99
1412673545 99
1412673855 100
1412674165 100
1412674475 99
1412674785 100
1412675085 100
1412675395 100
1412675706 100
1412676015 100
1412676325 100
1412676635 100
1412676945 100
1412677256 31
1412677567 98
1412677867 100
1412678176 100
1412678486 100
1412678794 100
1412679095 100
1412679400 100
1412679710 100
1412680020 100
1412680320 100
1412680630 100
1412680940 100
1412681250 100
1412681560 100
1412681870 99
1412682181 100
1412682491 99
1412682801 100
1412683111 100
1412683421 100
1412683731 100
1412684041 100
1412684351 100
1412684661 100
1412684971 100
1412685281 100
1412685591 100
1412685901 100
1412686211 100
1412686521 100
1412686831 100
1412687141 100
1412687441 99
1412687751 100
1412688061 100
1412688371 100
1412688681 100
1412688991 100
1412689301 100
1414614603 100
1414614903 100
1414615209 100
1414615519 100
1414615829 84
1414616139 100
1414616439 35
1414616744 100
1414617054 87
1414617365 100
1414617674 94
1414617984 100
1414618284 90
1414618595 100
1414618905 100
1414619215 99
1414619525 100
1414619835 100
1414620136 98
1414620446 99
1414620746 100
1414621056 85
1414621366 100
1414621676 100
1414621986 90
1414622296 100
1414622606 100
1414622916 98
1414623226 100
1414623536 100
1414623847 99
1414624155 80
1414624465 67
1414624775 100
1414625085 100
1414625395 100
1414625705 84
1414626015 100
1414626325 99
1414626635 100
1414626945 100
1414627255 100
1414627555 100
1414627865 100
1414628175 100
1414628485 100
1414628795 100
1414629105 89
1414629416 100
1414629726 100
1414630035 100
1414630346 99
1414630656 85
1414630966 100
1414631276 99
1414631586 100
1414631896 100
1414632206 100
1414632516 100
1414632826 100
1414633136 99
1414633446 100
1414633746 100
1414634056 100
1414634366 100
1414634676 100
1414634987 99
1414635297 100
1414635604 100
1414635915 100
1414636224 99
1414636535 100
1414636845 100
1414637155 100
1414637465 97
1414637775 100
1414638085 100
1414638399 48
1414638706 100
1414639015 100
1414639325 100
1414639635 100
1414639945 100
1414640255 100
1414640555 100
1414640865 100
1414641175 100
1414641486 100
1414641786 98
1414642096 100
1414642406 100
1414642717 100
1414643026 100
1414643336 100
1414643873 100
1414644183 100
1414644493 100
1414644803 97
1414645113 90
1414645423 99
1414645733 100
1414646043 100
1414646353 100
1414646653 100
1414646963 98
1414647273 100
1414647583 100
1414647894 50
1414648204 34
1414648514 30
1414648824 31
1414649134 33
1414649444 32
1414649754 38
1414650305 100
1414650614 78
1414650924 100
1414651235 100
1414651545 100
1414651855 100
1414652165 100
1414652475 100
1414652778 88
1414653088 99
1414653398 100
1414653708 87
1414654008 100
1414654318 100
1414654628 100
1414654938 100
1414655248 100
1414655558 100
1414655868 100
1414656179 32
1414656489 100
1414656799 100
1414657108 100
1414657419 100
1414657729 100
1414658039 100
1414658349 100
1414658659 100
1414658969 100
1414659279 100
1414659589 100
1414659899 100
1414660209 100
1414660519 100
1414660821 100
1414661124 100
1414661433 100
1414661744 100
1414662054 100
1414662364 100
1414662674 100
1414662984 100
1414663294 100
1414663604 100
1414663914 99
1414664224 100
1414664534 100
1414664844 76
1414665154 84
1414665464 43
1414665774 100
1414666084 100
1414666394 100
1414666704 100
1414667004 99
1414667314 100
1414667624 100
1414667934 100
1414668244 100
1414668555 100
1414668865 100
1414669168 100
1414669478 100
1414669788 100
1414670098 100
1414670408 100
1414670718 100
1414671029 100
1414671338 100
1414671649 100
1414671959 100
1414672269 99
1414672579 100
1414672889 100
1414673199 99
1414673509 100
1414673819 99
1414674129 100
1414674439 100
1414674749 99
1414675059 100
1414675369 100
1414675679 100
1414675989 99
1414676299 100
1414676609 100
1414676909 97
1414677219 100
1414677529 100
1414677839 100
1414678149 100
1414678459 100
1414678770 100
1414679079 100
1414679389 100
1414679699 100
1414680009 93
1414680320 100
1414680630 100
1414680940 100
1414681250 99
1414681560 100
1414681870 100
1414682180 100
1414682490 100
1414682800 100
1414683110 100
1414683420 100
1414683721 100
1414684030 100
1414684340 100
1414684650 100
1414684961 100
1414685271 99
1414685572 99
1414685882 100
1414686192 100
1414686502 100
1414686812 100
1414687122 100
1414687433 100
1414687743 99
1414688053 100
1414688363 100
1414688673 100
1414688977 99
1414689287 100
1414689597 100
1414689907 100
1414690217 100
1414690527 100
1414690837 100
1414691147 100
1414691457 100
1414691767 100
1414692077 100
1414692387 99
1414692697 100
1414693007 100
1414693317 99
1414693627 100
1414693937 100
1414694247 100
1414694557 100
1414694868 100
1414695178 100
1414695488 98
1414695798 100
1414696108 100
1414696420 81
1414696719 45
1414697028 50
1414697340 100
1414697646 100
1414697946 100
1414698256 99
1414698567 100
1414698877 100
1414699187 100
1414699497 100
1414699806 100
1414700116 99
1414700426 99
1414700736 100
1414701046 100
1414701356 99
1414701666 100
1414701978 97
1414702286 100
1414702596 100
1414702896 100
1414703206 100
1414703516 100
1414703826 100
1414704136 100
1414704446 100
1414704756 100
1414705067 99
1414705377 20
1414705687 94
1414705997 43
1414706310 24
1414706621 27
1414706915 50
1414707215 40
1414707517 50
1414707817 48
1414708118 49
1414708420 45
1414708722 47
1414709031 50
1414709333 50
1414709633 50
1414709936 50
1414710237 47
1414710539 50
1414710841 50
1414711158 50
1414711444 0
1414711745 48
1414712045 50
1414712347 48
1414712647 46
1414712949 48
1414713259 50
1414713562 26
1414713861 51
1414714162 47
1414714464 46
1414714764 50
1414715065 0
1414715372 49
1414715666 50
1414715976 50
1414716277 50
1414716579 52
1414716879 50
1414717190 50
1414717491 50
1414717801 50
1414718102 49
1414718403 51
1414718727 0
1414719015 48
1414719324 50
1414719634 44
1414719935 48
1414720246 49
1414720546 46
1414720856 48
1414721157 48
1414721467 49
1414721777 49
1414722078 45
1414722394 50
1414722691 50
1414722999 50
1414723300 50
1414723612 49
1414723910 30
1414724221 49
1414724531 50
1414724834 49
1414725142 50
1414725443 50
1414725754 48
1414726065 0
1414726364 51
1414726665 50
1414726975 50
1414727276 50
1414727576 50
1414727887 51
1414728198 44
1414728500 49
1414728799 48
1414729100 33
1414729401 49
1414729705 48
1414730003 50
1414730304 49
1414730605 37
1414730916 8
1414731219 45
1414731528 22
1414731843 49
1414732142 0
1414732446 42
1414744182 0
1414744488 1
1414744789 0
1414745099 0
1414746379 2
1414746681 0
1414746980 0
1414747292 1
1414747906 50
1414748202 49
1414748512 49
1414748813 49
1414852907 0
1414862305 0
1414862616 0
1414862926 0
1414863236 0
1414863537 0
1414863846 0
1414864156 0
1414864466 0
1414864776 0
1414865076 0
1414865386 0
1414865697 0
1414866007 0
1414866323 0
1414866618 0
1414866927 0
1415205092 100
1415205393 100
1415205703 100
1415206003 32
1415206314 38
1415206629 49
1415206934 100
1415207244 40
1415207554 44
1415207864 48
1415208164 49
1415208474 99
1415208784 100
1415209095 49
1415209405 35
1415209715 100
1415210025 100
1415210335 99
1415210645 98
1415210955 99
1415211265 100
1415211575 100
1415211885 81
1415212196 93
1415212505 99
1415212815 100
1415213125 100
1415213436 100
1415213738 76
1415214046 100
1415214356 99
1415214666 99
1415214976 100
1415215286 100
1415215596 100
1415215906 100
1415216216 99
1415216526 100
1415216836 100
1415217146 99
1415217456 99
1415217766 96
1415218072 100
1415218382 98
1415218692 100
1415219002 99
1415219312 98
1415219622 100
1415219932 96
1415220242 99
1415220552 100
1415220852 100
1415221163 100
1415221473 100
1415221783 100
1415222093 100
1415222403 100
1415222713 100
1415223023 100
1415223333 99
1415223643 100
1415223953 98
1415224263 100
1415224573 100
1415224883 100
1415225193 100
1415225503 99
1415225817 99
1415226123 100
1415226433 100
1415226733 100
1415227043 100
1415227354 99
1415227663 100
1415227973 98
1415228284 100
1415228594 100
1415228904 100
1415235991 98
1415236289 100
1415236600 100
1415236910 100
1415237220 99
1415237530 99
1415237841 99
1415238151 100
1415238456 100
1415238767 100
1415239077 100
1415239386 99
1415239696 100
1415240007 100
1415240316 100
1415240627 100
1415240937 100
1415241247 100
1415241557 99
1415241867 99
1415242177 100
1415242487 100
1415242797 100
1415243107 100
1415243407 100
1415243717 100
1415244027 99
1415244337 100
1415244647 100
1415244957 100
1415245267 99
1415245577 100
1415245888 100
1415246198 100
1415246508 100
1415246817 99
1415247128 100
1415247438 100
1415247748 100
1415248058 100
1415248368 100
1415248678 100
1415248989 99
1415249288 99
1415249598 100
1415249908 100
1415250219 100
1415250529 100
1415250839 100
1415251149 100
1415251460 100
1415251760 100
1415252070 100
1415252380 99
1415252690 80
1415253000 75
1415253310 79
1415253620 82
1415253930 45
1415254230 72
1415254541 82
1415254850 100
1415255160 100
1415255470 99
1415255781 97
1415256091 99
1415256401 100
1415256711 100
1415257023 97
1415407989 100
1415408297 99
1415408607 100
1415408917 99
1415409227 100
1415409537 100
1415409847 100
1415410157 100
1415410468 100
1415410777 98
1415411088 100
1415411397 100
1415411707 100
1415412017 50
1415412328 37
1415412638 36
1415412948 34
1415413258 36
1415413568 100
1415413878 100
1415414188 100
1415414498 99
1415414808 100
1415415108 97
1415415418 100
1415415728 100
1415416038 100
1415416348 100
1415416658 100
1415416968 100
1415417278 100
1415417588 100
1415417898 100
1415418208 100
1415418518 100
1415418828 100
1415419138 96
1415419448 100
1415419758 99
1415420068 100
1415420378 100
1415420688 100
1415420996 100
1415421306 100
1415421616 100
1415421916 99
1415422226 100
1415422536 100
1415422846 98
1415423156 88
1415423466 100
1415423776 99
1415424086 99
1415424395 99
1415424705 100
1415425015 100
1415425325 100
1415425625 100
1415425935 100
1415426245 100
1415426555 100
1415426865 99
1415427175 100
1415427485 100
1415427795 100
1415428105 100
1415428415 99
1415428725 100
1415429035 99
1415429345 98
1415429655 100
1415429965 100
1415430276 99
1415430586 100
1415430896 100
1415431205 100
1415431516 98
1415431826 100
1415432136 100
1415432446 100
1415432756 100
1415433066 100
1415433376 100
1415433686 100
1415433996 99
1415434306 100
1415434616 100
1415434926 98
1415435226 91
1415435536 99
1415435846 100
1415436156 100
1415436466 100
1415436776 36
1415437086 100
1415437396 100
1415437706 100
1415438016 100
1415438326 99
1415438636 100
1415438947 99
1415439248 100
1415439558 98
1415439869 100
1415440178 100
1415440488 98
1415440798 99
1415441109 100
1415441418 98
1415441728 99
1415442039 100
1415442349 100
1415442659 100
1415442969 100
1415443279 100
1415443589 100
1415443899 100
1415444209 100
1415444519 100
1415444829 100
1415445129 100
1415445439 100
1415445749 100
1415446059 99
1415446369 96
1415446679 100
1415446989 100
1415447299 100
1415447609 100
1415447919 100
1415448229 100
1415448539 99
1415448850 100
1415449160 100
1415449470 100
1415449780 82
1415450090 91
1415450400 89
1415450710 89
1415451020 85
1415451320 96
1415451630 91
1415451940 84
1415452250 89
1415452560 81
1415452870 85
1415453180 77
1415453490 84
1415453800 81
1415454110 78
1415454421 77
1415454730 81
1415455041 96
1415455351 85
1415455661 79
1415455971 80
1415456281 84
1415456591 70
1415456901 70
1415457211 78
1415457511 100
1415457821 100
1415458131 84
1415458441 89
1415458751 87
1415459061 83
1415459371 84
1415459681 86
1415459991 86
1415460301 84
1415460611 85
1415460921 95
1415461232 88
1415461541 87
1415461852 83
1415462162 89
1415462472 84
1415462782 84
1415463092 82
1415463402 91
1415463712 83
1415464012 82
1415464322 84
1415464632 80
1415464935 82
1415465245 73
1415465546 58
1415465855 64
1415466166 76
1415466476 100
1415466779 100
1415467087 100
1415467397 100
1415467707 100
1415468017 100
1415468327 100
1415468637 100
1415468947 99
1415469257 96
1415469567 100
1415469877 100
1415470187 84
1415470497 100
1415470808 100
1415471117 100
1415471427 100
1415471737 100
1415472047 100
1415472357 100
1415472667 100
1415472977 100
1415473287 100
1415473598 98
1415473904 50
1415474213 100
1415474523 100
1415474833 86
1415475143 72
1415475453 100
1415475763 100
1415476073 100
1415476383 100
1415476693 99
1415477003 89
1415477313 100
1415477623 99
1415477933 100
1415478243 100
1415478553 100
1415478863 100
1415479173 100
1415479484 47
1415479793 81
1415480103 100
1415480414 100
1415480723 100
1415481034 100
1415481343 100
1415481654 47
1415481964 100
1415482274 100
1415482584 100
1415482894 100
1415483204 100
1415483514 48
1415483824 100
1415484134 100
1415484444 99
1415484754 97
1415485054 100
1415485364 99
1415485674 100
1415485984 99
1415486294 22
1415486604 100
1415486914 100
1415487224 100
1415487534 100
1415487844 100
1415488154 49
1415488461 100
1415488770 100
1415489080 100
1415489390 80
1415489700 100
1415490010 100
1415490320 100
1415490630 100
1415490940 99
1415491250 90
1415491560 100
1415491870 100
1415492180 100
1415492490 100
1415492800 100
1415493110 99
1415493420 100
1415493730 100
1415494040 100
1415494350 92
1415494660 100
1415494970 100
1415495280 100
1415495591 99
1415495900 99
1415496210 100
1415496520 100
1415496830 100
1415497140 99
1415497450 100
1415497760 100
1415498070 100
1415498380 100
1415498690 100
1415499000 100
1415499310 100
1415499620 100
1415499930 100
1415500241 92
1415500550 100
1415500860 99
1415501170 100
1415501480 100
1415501790 100
1415502100 99
1415502410 71
1415502720 99
1415503030 100
1415503340 100
1415503650 100
1415503960 100
1415504270 99
1415504580 100
1415504890 100
1415505200 100
1415505510 100
1415505820 99
1415506130 99
1415506440 100
1415506751 100
1415507060 99
1415507370 100
1415507680 100
1415507990 100
1415508300 100
1415508611 100
1415508921 99
1415509230 48
1415509540 100
1415509850 100
1415510160 98
1415510470 100
1415510780 100
1415511090 97
1415511400 97
1415511710 100
1415512015 100
1415512324 41
1415512634 96
1415512944 73
1415513255 97
1415513564 98
1415513874 100
1415514184 100
1415514494 100
1415514804 100
1415515115 100
1415515424 100
1415515734 99
1415516044 100
1415516354 100
1415516664 100
1415516974 100
1415517284 100
1415517594 100
1415517904 100
1415518214 97
1415518524 100
1415518834 99
1415519144 100
1415519454 99
1415519764 100
1415520074 100
1415520384 100
1415520694 99
1415521004 100
1415521314 100
1415521624 49
1415521934 99
1415522244 100
1415522549 100
1415522859 100
1415523169 100
1415523479 100
1415523789 50
1415524099 100
1415524409 100
1415524718 100
1415525029 35
1415525339 40
1415525649 34
1415525959 33
1415526269 2
1415526579 100
1415526889 100
1415527199 100
1415527509 100
1415527819 100
1415528129 82
1415528439 100
1415528749 100
1415529059 100
1415529369 100
1415529679 100
1415529989 48
1415530299 100
1415530608 99
1415530919 100
1415531229 100
1415531538 100
1415531849 69
1415532158 100
1415532469 100
1415532778 100
1415533089 100
1415533398 100
1415533709 100
1415534019 100
1415534328 100
1415534639 100
1415534948 100
1415535259 50
1415535568 100
1415535878 100
1415536189 100
1415536498 100
1415536808 100
1415537119 100
1415537428 100
1415537739 100
1415538048 100
1415538358 100
1415538668 100
1415538978 100
1415539288 100
1415539598 100
1415539908 100
1415540218 100
1415540528 48
1415540838 100
1415541148 99
1415541458 100
1415541768 100
1415542078 99
1415542388 99
1415542698 100
1415543008 100
1415543318 100
1415543628 100
1415543938 100
1415544248 100
1415544558 100
1415544868 100
1415545178 98
1415545488 100
1415545798 100
1415546108 100
1415546418 100
1415546728 100
1415547038 100
1415547348 100
1415547658 100
1415547968 100
1415548278 100
1415548588 48
1415548898 100
1415549208 100
1415549518 100
1415549828 100
1415550138 50
1415550448 100
1415550758 100
1415551068 100
1415551378 100
1415551688 100
1415551998 100
1415552308 99
1415552618 100
1415552928 100
1415553238 100
1415553548 100
1415553858 100
1415554168 100
1415554478 94
1415554788 99
1415555098 99
1415555408 100
1415555718 100
1415556028 100
1415556338 50
1415556648 100
1415556958 100
1415557268 100
1415557578 100
1415557883 100
1415558193 100
1415558503 100
1415558813 100
1415559123 100
1415559433 99
1415559743 100
1415560053 97
1415560363 97
1415560672 52
1415560983 97
1415561292 98
1415561603 98
1415561912 49
1415562223 98
1415562533 96
1415562842 98
1415563153 96
1415563463 98
1415563772 97
1415564083 96
1415564392 97
1415564703 47
1415565012 98
1415565323 97
1415565632 95
1415565943 99
1415566252 96
1415566562 97
1415566872 98
1415567182 98
1415567493 97
1415567802 96
1415568113 97
1415568422 97
1415568732 65
1415569042 98
1415569352 97
1415569662 96
1415569972 0
1415570282 96
1415570592 95
1415570902 98
1415571212 70
1415571522 97
1415571832 97
1415572142 98
1415572452 99
1415572762 96
1415573072 99
1415573382 96
1415573692 95
1415574002 97
1415574312 100
1415574622 100
1415574932 98
1415575242 99
1415575552 100
1415575862 99
1415576172 99
1415576482 100
1415576789 100
1415577099 100
1415577409 100
1415577719 100
1415578029 100
1415578339 100
1415578649 100
1415578959 99
1415579259 100
1415579569 100
1415579879 100
1415580189 48
1415580499 99
1415580809 98
1415581119 100
1415581429 99
1415581739 100
1415582049 100
1415582359 100
1415582669 100
1415582979 100
1415583289 100
1415583599 100
1415583909 100
1415584219 100
1415584529 100
1415584839 100
1415598324 99
1415598633 100
1415598943 99
1415599253 100
1415599564 100
1415599873 99
1415600183 100
1415600488 75
1417235308 100
1417235612 100
1417235922 99
1417236232 99
1417236542 99
