1410716556 0
1410716866 0
1410717177 0
1410717487 0
1410717797 0
1410718107 0
1410718417 0
1410718717 0
1410719027 0
1410719337 0
1410719647 0
1410719957 0
1410720267 0
1410720577 0
1410720887 0
1410721197 0
1410721502 0
1410721811 0
1410722114 0
1410722424 0
1410722734 0
1410723044 0
1410723354 0
1410723665 0
1410723975 0
1410724285 0
1410724595 0
1410724905 0
1410725215 0
1410725525 0
1410725825 0
1410726135 0
1410726445 0
1410726755 0
1410727065 0
1410727375 0
1410727686 0
1410727996 0
1410728306 0
1410728616 0
1410728926 0
1410729236 0
1410729546 0
1410729856 0
1410730166 0
1410730466 0
1410730776 0
1410731086 0
1410731397 0
1410731706 0
1410732016 0
1410732326 0
1410732636 0
1410732947 0
1410733256 0
1410733567 0
1410733877 0
1410734187 0
1410734497 0
1410734807 0
1410735117 0
1410735427 0
1410735737 0
1410736047 0
1410736357 0
1410736667 0
1410736967 0
1410737277 0
1410737587 0
1410737897 0
1410738207 0
1410738517 0
1410738827 0
1410739137 0
1410739448 0
1410739757 0
1410740067 0
1410740377 0
1410740688 0
1410740998 0
1410741308 0
1410741618 0
1410741928 0
1410742238 0
1410742548 0
1410742858 0
1410743168 0
1410743478 0
1410743788 0
1410744098 0
1410744398 0
1410744708 0
1410745018 0
1410745328 0
1410745638 0
1410745948 0
1410746258 0
1410746568 0
1410746878 0
1410747188 0
1410747498 0
1410748464 7
1410748774 2
1410749084 0
1410749394 0
1410749704 6
1410750014 0
1410750324 0
1410750634 0
1410750934 0
1410751244 0
1410751554 0
1410751864 0
1410752174 0
1410752484 0
1410752794 0
1410753104 0
1410753414 0
1410753724 0
1410754034 0
1410754344 0
1410754654 0
1410754964 0
1410755274 0
1410755584 0
1410755895 0
1410756205 0
1410756515 0
1410756825 0
1410757135 0
1410757445 0
1410757755 0
1410758065 0
1410758371 0
1410758681 0
1410758991 0
1410759301 0
1410759611 0
1410759922 0
1410760232 0
1410760542 0
1410760852 0
1410761162 0
1410761472 0
1410761782 0
1410762092 0
1410762402 0
1410762712 0
1410763022 0
1410763332 0
1410763642 0
1410763952 0
1410764262 0
1410764572 0
1410764882 0
1410765192 0
1410765502 0
1410765812 0
1410766122 0
1410766432 0
1410766732 0
1410767042 0
1410767352 0
1410767662 0
1410767972 0
1410768283 23
1410768592 0
1410768902 0
1410769212 0
1410769522 0
1410769832 0
1410770142 0
1410770452 0
1410770763 0
1410771073 0
1410771383 0
1410771693 0
1410772003 0
1410772313 0
1410772623 0
1410772933 0
1410773243 0
1410773553 0
1410773863 0
1410774173 0
1410774483 0
1410774793 0
1410775103 0
1410775413 0
1410775723 0
1410776033 0
1410776343 0
1410776653 0
1410776963 0
1410777273 0
1410777583 0
1410777893 0
1410778203 0
1410778503 0
1410778813 0
1410779123 0
1410779433 0
1410779743 0
1410780053 0
1410780363 0
1410780673 0
1410780983 0
1410781293 0
1410781603 0
1410781913 0
1410782223 0
1410782533 0
1410782843 0
1410783153 0
1410783463 0
1410783773 0
1410784083 0
1410784393 0
1410784704 0
1410785014 0
1410785324 0
1410785634 0
1410785944 0
1410786254 0
1410786564 0
1410786874 0
1410787184 0
1410787494 0
1410787804 0
1410788114 0
1410788424 0
1410788734 0
1410789044 0
1410789354 0
1410789661 0
1410789971 0
1410790281 0
1410790591 0
1410790901 0
1410791211 0
1410791511 0
1410791821 0
1410792131 0
1410792441 0
1410792751 0
1410793061 0
1410793371 0
1410793681 0
1410793991 0
1410794301 0
1410794611 0
1410794921 0
1410795231 0
1410795541 0
1410795851 0
1410796161 0
1410796471 0
1410796781 0
1410797091 0
1410797402 0
1410797711 0
1410798022 0
1410798332 0
1410798641 0
1410798952 0
1410799262 0
1410799572 0
1410799882 0
1410800192 0
1410800502 0
1410800812 0
1410801122 0
1410801432 0
1410801742 0
1410802052 0
1410802362 0
1410802672 0
1410802982 0
1410803292 0
1410803602 0
1410803912 0
1410804212 0
1410804522 1
1410804832 0
1410805142 0
1410805452 0
1410805762 0
1410806072 0
1410806382 0
1410806692 0
1410807002 0
1410807312 0
1410807622 0
1410807932 0
1410808242 0
1410808552 0
1410808862 0
1410809172 0
1410809482 0
1410809792 0
1410810102 0
1410810412 0
1410810723 0
1410811033 0
1410811343 0
1410811653 0
1410811963 0
1410812273 0
1410812583 0
1410812893 0
1410813203 0
1410813513 0
1410813823 0
1410814133 0
1410814443 0
1410814753 0
1410815063 0
1410815373 0
1410815683 0
1410815993 0
1410816303 0
1410816613 0
1410816923 0
1410817233 0
1410817533 0
1410817843 0
1410818153 0
1410818463 0
1410818773 0
1410819083 0
1410819393 0
1410819703 0
1410820013 0
1410820323 0
1410820633 0
1410820934 0
1410821244 0
1410821554 0
1410821864 0
1410822174 0
1410822484 0
1410822794 0
1410823104 0
1410823414 0
1410823724 0
1410824034 0
1410824344 0
1410824654 0
1410824964 0
1410825274 0
1410825584 0
1410825894 0
1410826205 0
1410826514 0
1410826825 0
1410827134 0
1410827444 0
1410827755 0
1410828064 0
1410828375 0
1410828685 0
1410828995 0
1410829305 0
1410829615 0
1410829925 0
1410830235 0
1410830545 0
1410830855 0
1410831165 0
1410831475 0
1410831785 0
1410832095 0
1410832405 0
1410832715 0
1410833025 0
1410833335 0
1410833645 0
1410833955 0
1410834255 0
1410834565 0
1410834875 0
1410835185 0
1410835495 0
1410835805 0
1410836115 0
1410836425 0
1410836735 0
1410837045 0
1410837355 0
1410837665 0
1410837975 0
1410838285 0
1410838595 0
1410838905 0
1410839215 0
1410839525 0
1410839835 0
1410840146 0
1410840455 0
1410840765 0
1410841075 0
1410841386 0
1410841696 0
1410842006 0
1410842316 0
1410842626 0
1410842936 0
1410843246 0
1410843556 0
1410843866 0
1410844176 0
1410844486 0
1410844796 0
1410845106 0
1410845416 0
1410845726 0
1410846036 0
1410846346 0
1410846656 0
1410846966 0
1410847266 0
1410847576 0
1410847886 0
1410848196 0
1410848506 0
1410848816 0
1410849126 0
1410849436 0
1410849746 0
1410850056 0
1410850366 0
1410850673 0
1410850983 0
1410851293 0
1410851603 0
1410851913 0
1410852223 0
1410852533 0
1410852843 0
1410853153 0
1410853463 0
1410853774 0
1410854084 0
1410854394 0
1410854704 0
1410855014 0
1410855324 0
1410855634 0
1410855944 0
1410856254 0
1410856564 0
1410856874 0
1410857184 0
1410857494 0
1410857804 0
1410858114 0
1410858424 0
1410858734 0
1410859044 0
1410859354 0
1410859664 0
1410859974 0
1410860284 0
1410860584 0
1410860894 0
1410861204 0
1410861514 0
1410861824 0
1410862134 0
1410862444 0
1410862754 0
1410863064 0
1410863374 0
1410863684 0
1410863994 0
1410864304 0
1410864614 0
1410864924 0
1410865234 0
1410865544 0
1410865854 0
1410866164 0
1410866474 0
1410866784 0
1410867094 0
1410867404 0
1410867714 0
1410868025 0
1410868334 0
1410868645 0
1410868955 0
1410869265 1
1410869575 0
1410869885 0
1410870195 0
1410870506 0
1410870816 8
1410871115 0
1410871425 0
1410871727 2
1410872041 32
1410872339 2
1410872649 0
1410872959 0
1410873269 0
1410873579 0
1410873889 0
1410874199 0
1410874509 0
1410874819 0
1410875129 0
1410875439 0
1410875750 0
1410876059 0
1410876369 0
1410876679 0
1410876989 0
1410877299 0
1410877609 0
1410877916 0
1410878226 0
1410878536 0
1410878846 0
1410879156 0
1410879467 0
1410879776 0
1410880086 0
1410880396 0
1410880706 0
1410881016 0
1410881326 0
1410881636 0
1410881946 0
1410882256 0
1410882566 0
1410882876 0
1410883186 0
1410883496 0
1410883806 0
1410884116 0
1410884426 0
1410884736 0
1410885046 0
1410885356 0
1410885666 0
1410885976 0
1410886286 0
1410886596 0
1410886906 0
1410887216 0
1410887526 0
1410887836 0
1410888146 0
1410888456 0
1410888766 0
1410889076 0
1410889386 0
1410889696 0
1410890006 0
1410890316 38
1410890629 0
1410890937 0
1410891247 0
1410891557 0
1410895153 6
1410896907 18
1410897216 0
1410897526 0
1410897837 0
1410898146 0
1410898456 0
1410898766 0
1410899076 0
1410899387 0
1410899697 0
1410900007 0
1410900317 0
1410900627 0
1410900937 0
1410901247 0
1410901557 0
1410901867 0
1410902177 0
1410902477 0
1410902787 0
1410903097 0
1410903407 0
1410903717 0
1410904027 0
1410904337 0
1410904647 0
1410904957 0
1410905262 0
1410905572 0
1410905883 0
1410906193 0
1410906503 0
1410906813 0
1410907123 0
1410907433 0
1410907743 0
1410908053 0
1410908363 0
1410908673 0
1410908983 0
1410909293 0
1410909593 0
1410909903 0
1410910213 0
1410910523 0
1410910833 0
1410911143 0
1410911453 0
1410911763 0
1410912074 0
1410912383 0
1410912693 0
1410913004 0
1410913314 0
1410913624 0
1410913934 0
1410914244 0
1410914554 0
1410914864 0
1410915174 0
1410915484 0
1410915794 0
1410916104 0
1410916414 0
1410916724 0
1410917024 0
1410917334 0
1410917644 0
1410917954 0
1410918264 0
1410918574 0
1410918884 0
1410919194 0
1410919505 0
1410919816 0
1411005659 1
1411005967 39
1411006277 39
1411006587 0
1411006898 37
1411007208 35
1411007518 35
1411007828 32
1411008138 39
1411008448 42
1411008758 34
1411009069 19
1411009379 27
1411009679 0
1411009989 0
1411010299 0
1411010614 3
1411010910 0
1411846743 0
1411847136 24
1411847445 0
1411847755 0
1411848065 0
1411848375 0
1411848685 0
1411848996 0
1411849305 0
1411849616 0
1411849926 0
1411850236 0
1411850546 0
1411850856 0
1411851166 0
1411851476 24
1411851786 22
1411852096 22
1411852396 21
1411852706 0
1411853016 0
1411853326 0
1411853636 0
1411853946 0
1411854256 0
1411854566 0
1411854876 0
1411855186 0
1411855496 0
1411855806 0
1411856117 0
1411856427 0
1411856737 0
1411857047 0
1411857357 0
1411857667 0
1411857977 0
1411858287 0
1411858597 0
1411858907 0
1411859217 0
1411859527 0
1411859837 0
1411860147 0
1411860457 0
1411860767 0
1411861077 0
1411861379 0
1411861689 0
1411861999 0
1411862309 0
1411862619 0
1411862929 0
1411863239 0
1411863549 0
1411863849 0
1411864159 0
1411864469 0
1411864779 0
1411865089 1
1411865399 0
1411865709 0
1411866019 0
1411866329 0
1411866639 0
1411866949 0
1411867259 0
1411867569 0
1411867879 0
1411868189 0
1411868499 0
1411868809 0
1411869119 0
1411869429 0
1411869740 0
1411870049 0
1411870360 0
1411870670 0
1411870980 0
1411871290 0
1411871600 0
1411871910 0
1411872220 0
1411872530 0
1411872840 0
1411873150 0
1411873460 0
1411873770 0
1411874080 0
1411874390 0
1411874700 3
1411875010 0
1411875310 0
1411875620 0
1411875930 0
1411876240 0
1411876550 0
1411876860 0
1411877170 0
1411877480 0
1411877790 0
1411878100 0
1411878410 0
1411878720 0
1411879030 0
1411879340 0
1411879650 0
1411879960 0
1411880270 0
1411880580 0
1411880890 0
1411881200 0
1411881510 0
1411881820 0
1411882131 0
1411882441 0
1411882751 0
1411883061 0
1411883371 0
1411883681 0
1411883991 0
1411884301 0
1411884611 0
1411884921 0
1411885231 0
1411885541 0
1411885851 0
1411886161 0
1411886461 0
1411886771 0
1411887081 0
1411887388 0
1411887698 0
1411888008 0
1411888318 0
1411888618 0
1411888928 0
1411889238 0
1411889548 0
1411889858 0
1411890168 0
1411890478 0
1411890788 0
1411891098 0
1411891408 0
1411891718 0
1411892028 0
1411892333 0
1411892643 22
1411892944 21
1411893254 23
1411893564 19
1411893873 0
1411894183 0
1411894494 0
1411894804 0
1411895114 0
1411895424 0
1411895734 0
1411896044 0
1411896354 0
1411896664 0
1411896974 0
1411897284 0
1411897594 0
1411897904 0
1411898214 0
1411898524 0
1411898834 0
1411899144 0
1411899454 0
1411899764 0
1411900074 0
1411900374 0
1411900684 0
1411900994 0
1411901304 0
1411901614 0
1411901924 0
1411902234 0
1411902544 0
1411902854 0
1411903164 0
1411903474 0
1411903784 0
1411904094 0
1411904404 0
1411904714 0
1411905024 0
1411905334 0
1411905644 0
1411905954 0
1411906265 0
1411906575 0
1411906885 0
1411907195 0
1411907505 0
1411907815 0
1411908125 0
1411908435 0
1411908745 0
1411909055 0
1411909365 0
1411909675 0
1411909985 0
1411910295 0
1411910605 0
1411910915 0
1411911225 0
1411911535 0
1411911845 0
1411912155 0
1411912455 0
1411912765 0
1411913075 0
1411913385 0
1411913695 0
1411914005 0
1411914315 49
1411914625 0
1411914935 0
1411915245 0
1411915555 0
1411915865 0
1411916175 0
1411916485 0
1411916796 0
1411917106 0
1411917416 0
1411917726 0
1411918036 0
1411918346 0
1411918656 0
1411918966 0
1411919276 0
1411919586 0
1411919896 0
1411920206 0
1411920506 0
1411920816 0
1411921126 0
1411921436 0
1411921746 0
1411922056 0
1411922362 0
1411922664 0
1411922974 0
1411923284 0
1411923594 0
1411923904 0
1411924214 0
1411924524 0
1411924834 0
1411925134 0
1411925444 0
1411925754 0
1411926064 0
1411926374 0
1411926684 0
1411926994 0
1411927304 0
1411927612 0
1411927922 0
1411928232 0
1411928542 0
1411928853 0
1411929163 0
1411929473 0
1411929783 0
1411930093 0
1411930403 0
1411930713 0
1411931023 0
1411931333 0
1411931643 0
1411931953 0
1411932263 0
1411932573 0
1411932883 0
1411933193 0
1411933503 0
1411933813 0
1411934113 0
1411934423 0
1411934733 0
1411935043 0
1411935353 0
1411935663 0
1411935973 0
1411936283 0
1411936593 0
1411936903 0
1411937213 0
1411937523 0
1411937833 0
1411938143 0
1411938453 0
1411938763 0
1411939073 0
1411939383 0
1411939693 0
1411940003 0
1411940314 0
1411940624 0
1411940934 0
1411941244 0
1411941554 0
1411941864 0
1411942174 0
1411942484 0
1411942794 0
1411943104 0
1411943414 0
1411943714 0
1411944024 0
1411944334 0
1411944644 0
1411944954 0
1411945264 0
1411945574 0
1411945884 0
1411946194 0
1411946504 0
1411946814 0
1411947124 0
1411947435 0
1411947744 0
1411948055 0
1411948365 0
1411948675 0
1411948985 0
1411949295 0
1411949605 0
1411949915 0
1411950219 0
1411950529 0
1411950839 0
1411951149 0
1411951459 0
1411951769 0
1411952079 0
1411952389 0
1411952699 0
1411953009 0
1411953319 0
1411953629 0
1411953939 0
1411954239 0
1411954549 0
1411954859 0
1411955169 0
1411955479 0
1411955789 0
1411956099 0
1411956409 0
1411956719 0
1411957030 0
1411957340 0
1411957650 0
1411957956 0
1411958266 0
1411958576 0
1411958886 0
1411959192 0
1411959503 0
1411959813 0
1411960123 0
1411960433 0
1411960743 0
1411961053 0
1411961363 0
1411961673 0
1411961983 0
1411962293 0
1411962603 0
1411962913 0
1411963223 0
1411963523 0
1411963833 0
1411964143 0
1411964453 0
1411964763 0
1411965073 0
1411965383 0
1411965693 0
1411966003 0
1411966313 0
1411966615 0
1411967193 21
1411967502 0
1411967812 0
1411968372 23
1411968682 50
1411968992 0
1411969292 0
1411969602 0
1411969912 0
1411970213 0
1411970523 0
1411970833 0
1411971143 0
1411971453 0
1411971764 0
1411972073 0
1411972384 1
1411972693 0
1411973003 0
1411973314 0
1411973623 0
1411973934 0
1411974244 0
1411974554 0
1411974864 0
1411975174 0
1411975484 0
1411975794 0
1411976104 0
1411976414 0
1411976714 0
1411977024 0
1411977334 0
1411977644 0
1411977954 0
1411978264 0
1411978574 0
1411978884 0
1411979194 0
1411979504 0
1411979814 0
1411980124 0
1411980434 0
1411980744 0
1411981054 0
1411981364 0
1411981674 0
1411981984 0
1411982294 0
1411982604 0
1411982914 0
1411983224 0
1411983534 0
1411983844 0
1411984154 0
1411984465 0
1411984774 0
1411985084 0
1411985395 0
1411985705 0
1411986015 0
1411986325 0
1411986635 0
1411986945 0
1411987255 0
1411987565 0
1411987875 0
1411988185 0
1411988495 0
1411988805 0
1411989115 0
1411989425 0
1411989735 0
1411990045 0
1411990355 0
1411990665 0
1411990975 0
1411991285 0
1411991595 0
1411991905 0
1411992215 0
1411992525 0
1411992835 0
1411993145 0
1411993455 0
1411993765 0
1411994075 0
1411994385 0
1411994685 0
1411994995 0
1411995305 0
1411995615 0
1411995925 0
1411996235 0
1411996545 0
1411996855 0
1411997165 15
1411997475 0
1411997785 0
1411998095 0
1411998405 0
1411998715 0
1411999025 0
1411999335 0
1411999645 0
1411999955 0
1412000265 0
1412000575 0
1412000885 0
1412001195 0
1412001500 0
1412001810 0
1412002116 0
1412002426 0
1412002734 0
1412003043 0
1412003353 0
1412003663 0
1412003973 0
1412004283 0
1412004593 0
1412004903 0
1412005213 0
1412005513 0
1412005823 0
1412006133 0
1412006443 0
1412006753 0
1412007063 0
1412007371 0
1412007681 0
1412007991 0
1412008301 0
1412008601 0
1412008911 0
1412009221 0
1412009531 0
1412009841 0
1412010151 0
1412010461 0
1412010771 0
1412011077 0
1412011378 0
1412011679 0
1412011987 0
1412012297 0
1412012607 0
1412012917 0
1412013227 0
1412013537 0
1412013847 0
1412014157 0
1412014468 0
1412014778 0
1412015085 0
1412015385 0
1412015727 22
1412016037 0
1412016483 16
1412016793 0
1412017098 0
1412017408 0
1412017718 0
1412018028 0
1412018338 0
1412018639 0
1412018940 0
1412019250 0
1412019557 0
1412019867 0
1412020176 0
1412020487 0
1412020797 0
1412021107 0
1412021408 0
1412021718 0
1412022024 0
1412022334 0
1412022644 0
1412022954 0
1412023264 0
1412023574 0
1412023884 0
1412024192 0
1412024502 0
1412024812 0
1412025122 0
1412025432 0
1412025742 0
1412026042 0
1412026352 0
1412026662 0
1412026972 0
1412027276 0
1412027586 0
1412027896 0
1412028206 0
1412028516 0
1412028816 0
1412029126 0
1412029436 0
1412029746 0
1412030056 0
1412030366 0
1412030676 0
1412030986 0
1412031296 0
1412031598 0
1412031908 0
1412032218 0
1412032529 0
1412032839 0
1412033149 0
1412033459 0
1412033769 0
1412034075 0
1412034385 0
1412034695 0
1412035005 0
1412035315 0
1412035625 0
1412035935 0
1412036245 0
1412036555 0
1412036855 0
1412037165 0
1412037475 0
1412037785 0
1412038095 0
1412038405 0
1412038715 0
1412039025 0
1412039335 0
1412039645 0
1412039956 0
1412040265 0
1412040576 0
1412040886 0
1412041196 2
1412041506 0
1412041816 0
1412042126 0
1412042436 0
1412042746 0
1412043056 0
1412043366 52
1412043676 50
1412043976 1
1412044286 49
1412044596 50
1412044906 50
1412045217 50
1412045527 50
1412045827 0
1412046138 1
1412046447 1
1412046757 50
1412047067 50
1412047377 44
1412047687 50
1412047997 50
1412048308 50
1412048618 50
1412048918 50
1412049228 0
1412049538 0
1412050033 21
1412050343 50
1412050643 16
1412050953 6
1412051263 50
1412051573 9
1412051883 1
1412052193 45
1412052503 50
1412052814 44
1412053123 50
1412053434 41
1412053744 50
1412054054 50
1412054364 0
1412054674 0
1412054984 0
1412055294 0
1412055604 0
1412055914 0
1412056224 0
1412056534 0
1412056844 0
1412057154 0
1412057464 0
1412057765 0
1412058075 0
1412058377 0
1412058687 0
1412058997 0
1412059302 0
1412059613 0
1412059923 0
1412060233 0
1412060542 0
1412060853 0
1412061163 0
1412061473 0
1412061783 0
1412062093 0
1412062399 0
1412062700 0
1412063010 0
1412063319 0
1412063621 0
1412063931 0
1412064241 0
1412064551 0
1412064861 0
1412065171 0
1412065481 0
1412065791 0
1412066101 0
1412066411 0
1412066721 0
1412067021 0
1412067331 0
1412067633 0
1412067934 0
1412068244 0
1412068548 0
1412068858 0
1412069168 0
1412069478 0
1412069788 0
1412070098 0
1412070408 0
1412070718 0
1412071028 0
1412071338 0
1412071648 0
1412071958 0
1412072268 0
1412072578 0
1412072888 0
1412073198 0
1412073508 0
1412073818 0
1412074128 0
1412074438 0
1412074748 0
1412075058 0
1412075358 0
1412075668 0
1412075968 0
1412076278 0
1412076588 0
1412076898 0
1412077208 0
1412077518 0
1412077828 0
1412078138 0
1412078448 0
1412078758 0
1412079068 0
1412079378 0
1412079688 0
1412079998 0
1412080308 0
1412080619 0
1412080928 0
1412081238 0
1412081549 0
1412081858 0
1412082169 0
1412082478 0
1412082789 0
1412083098 0
1412083408 0
1412083719 0
1412084029 0
1412084339 0
1412084649 0
1412084959 0
1412085269 0
1412085579 0
1412085889 0
1412086199 0
1412086509 0
1412086819 0
1412087129 0
1412087439 0
1412087749 0
1412088059 0
1412088369 0
1412088679 0
1412088989 0
1412089299 0
1412089609 0
1412089919 0
1412090229 0
1412090539 0
1412090849 0
1412091159 0
1412091469 0
1412091769 0
1412092079 0
1412092389 0
1412092699 0
1412093009 0
1412093319 0
1412093629 0
1412093939 0
1412094249 0
1412094559 0
1412094869 0
1412095180 0
1412095489 0
1412095800 0
1412096110 0
1412096419 0
1412096730 0
1412097039 0
1412097350 0
1412097660 0
1412097969 0
1412098280 0
1412098585 0
1412098896 0
1412099206 0
1412099516 0
1412099826 0
1412100136 0
1412100446 0
1412100756 0
1412101066 0
1412101376 0
1412101686 0
1412101996 0
1412102306 0
1412102616 0
1412102926 0
1412103236 0
1412103546 0
1412103856 0
1412104166 0
1412104476 0
1412104776 0
1412105086 0
1412105396 0
1412105706 0
1412106016 0
1412106326 0
1412106636 0
1412106947 0
1412107256 0
1412107567 0
1412107876 0
1412108187 0
1412108496 0
1412108807 0
1412109116 0
1412109426 0
1412109737 0
1412110046 0
1412110357 0
1412110667 0
1412110977 0
1412111287 0
1412111597 0
1412111907 0
1412219586 0
1412219894 0
1412220204 0
1412220515 0
1412220825 0
1412221135 0
1412221445 0
1412221755 0
1412222065 0
1412222375 0
1412222685 0
1412223210 0
1412223517 0
1412223827 0
1412224137 0
1412224447 0
1412224757 0
1412225067 0
1412225378 0
1412225688 0
1412225998 45
1412226308 0
1412226618 0
1412226928 0
1412227238 15
1412227548 0
1412227858 0
1412228158 0
1412228468 0
1412228778 0
1412229088 0
1412229398 0
1412229708 0
1412230018 0
1412230328 0
1412230639 0
1412230949 0
1412231259 0
1412231569 0
1412231879 0
1412232189 0
1412232498 0
1412232808 0
1412233118 0
1412233428 0
1412233738 0
1412234048 0
1412234358 0
1412234668 0
1412234978 0
1412235289 0
1412235599 0
1412235909 0
1412236219 0
1412236529 0
1412236839 0
1412237149 0
1412237459 0
1412237769 0
1412238079 0
1412238389 0
1412238699 0
1412239009 0
1412239309 0
1412239619 0
1412239929 0
1412240239 0
1412240549 0
1412240859 0
1412241169 0
1412241479 0
1412241789 0
1412242099 0
1412242409 0
1412242720 0
1412243030 0
1412243340 0
1412243650 0
1412243960 0
1412244270 0
1412244580 0
1412244890 0
1412245200 0
1412245510 0
1412245820 0
1412246130 0
1412246440 0
1412246750 0
1412247060 0
1412247370 0
1412247670 0
1412247980 0
1412248290 0
1412248600 0
1412248910 0
1412249220 0
1412249530 0
1412249840 0
1412250150 0
1412250460 0
1412250770 0
1412251080 0
1412251391 0
1412251701 0
1412252011 0
1412252321 0
1412252631 0
1412252941 0
1412253251 0
1412253561 0
1412253871 0
1412254181 0
1412256835 0
1412257144 0
1412257454 0
1412257764 0
1412258074 0
1412258384 0
1412258694 0
1412258994 0
1412259304 0
1412259614 0
1412259924 0
1412260234 0
1412260534 0
1412260844 0
1412261154 0
1412261464 0
1412261774 0
1412262084 0
1412262394 0
1412262704 0
1412263014 0
1412263324 0
1412263634 0
1412263944 0
1412264254 0
1412264564 0
1412264875 0
1412265184 0
1412265495 0
1412265805 0
1412266115 0
1412266425 0
1412266735 0
1412267045 0
1412267355 0
1412267665 0
1412267975 0
1412268285 0
1412268913 1
1412269223 0
1412269533 0
1412269843 0
1412270153 0
1412270463 0
1412270773 0
1412271083 0
1412271393 0
1412271693 0
1412272003 0
1412272313 0
1412272623 0
1412272933 0
1412273243 0
1412273553 0
1412273864 0
1412274173 1
1412274484 0
1412274793 0
1412275104 0
1412275414 0
1412275724 0
1412276034 0
1412276344 0
1412276654 0
1412276964 22
1412277274 0
1412277584 0
1412277894 0
1412278204 0
1412278514 0
1412278825 0
1412279135 0
1412279445 0
1412279754 0
1412280065 0
1412280375 0
1412280685 0
1412280995 0
1412281305 0
1412281615 0
1412281925 0
1412282235 0
1412282545 0
1412282855 0
1412283165 0
1412283465 0
1412283775 0
1412284085 0
1412284395 0
1412284705 0
1412285007 0
1412285317 0
1412285627 0
1412285937 0
1412286247 0
1412286547 0
1412286857 0
1412287167 0
1412287477 0
1412287787 0
1412288097 0
1412288407 0
1412288717 0
1412289028 0
1412289338 0
1412289647 0
1412289958 0
1412290268 0
1412290578 0
1412290888 0
1412291198 0
1412291508 0
1412291818 0
1412292128 0
1412292438 0
1412292748 0
1412293048 0
1412293358 0
1412293668 0
1412293978 0
1412294288 0
1412294598 0
1412294908 0
1412295219 0
1412295528 0
1412295838 0
1412296149 0
1412296459 0
1412296769 0
1412297079 0
1412297389 0
1412297699 0
1412298009 0
1412298319 0
1412298629 0
1412298939 0
1412299249 0
1412299549 0
1412299859 0
1412300169 0
1412300479 0
1412300790 0
1412301099 0
1412301409 0
1412301719 0
1412302030 0
1412302340 0
1412302650 0
1412302960 0
1412303270 0
1412303580 0
1412303890 0
1412304200 0
1412304510 0
1412304820 0
1412305130 0
1412305440 0
1412305740 0
1412306050 0
1412306360 0
1412306670 0
1412306980 0
1412307290 0
1412307600 0
1412307910 0
1412308221 0
1412308531 0
1412308841 0
1412309151 0
1412309461 0
1412309765 0
1412310076 0
1412310386 0
1412310696 0
1412311006 0
1412311316 0
1412311626 0
1412311936 0
1412312236 0
1412312546 0
1412312856 0
1412313166 0
1412313476 0
1412313786 0
1412314096 0
1412314406 0
1412314717 0
1412315027 0
1412315337 0
1412315647 0
1412315955 0
1412316266 0
1412316576 0
1412316886 0
1412317196 0
1412317506 0
1412317816 0
1412318126 0
1412318436 0
1412318746 0
1412319046 0
1412319356 0
1412319666 0
1412319976 0
1412320286 0
1412320596 0
1412320906 0
1412321216 0
1412321526 0
1412321837 0
1412322146 0
1412322457 0
1412322767 0
1412323077 0
1412323387 0
1412323697 0
1412324007 0
1412324317 0
1412324627 0
1412324937 0
1412325247 0
1412325557 0
1412325857 0
1412326167 0
1412326477 0
1412326787 0
1412327097 0
1412327407 0
1412327717 0
1412328027 0
1412328338 0
1412328647 0
1412328957 0
1412329268 0
1412329578 0
1412329888 0
1412330198 0
1412330508 0
1412330818 0
1412331128 0
1412331438 0
1412331748 0
1412332055 0
1412332366 0
1412332676 0
1412332986 0
1412333296 0
1412333606 0
1412333916 0
1412334226 0
1412334536 0
1412334846 0
1412335156 0
1412335466 0
1412335776 0
1412336086 0
1412336386 0
1412336696 0
1412337006 0
1412337316 0
1412337626 0
1412337936 0
1412338247 0
1412338556 0
1412338867 0
1412339176 0
1412339487 0
1412339797 0
1412340107 0
1412340417 0
1412340727 0
1412341037 0
1412341347 0
1412341657 0
1412341967 0
1412342277 0
1412342587 0
1412342897 0
1412343197 0
1412343507 0
1412343817 0
1412344127 0
1412344437 0
1412344748 0
1412345057 0
1412345368 0
1412345678 0
1412345988 0
1412346298 0
1412346608 0
1412346918 0
1412347228 0
1412347538 0
1412347848 0
1412348158 0
1412348468 0
1412348778 0
1412349088 0
1412349388 0
1412349698 0
1412350008 0
1412350318 0
1412350628 0
1412350938 0
1412351248 0
1412351559 0
1412351868 0
1412352179 0
1412352489 0
1412352799 0
1412353109 0
1412353419 0
1412353729 0
1412354039 0
1412354349 0
1412354659 0
1412354963 0
1412355273 0
1412355582 0
1412355892 0
1412356202 0
1412356512 0
1412356822 0
1412357132 0
1412357432 0
1412357742 0
1412358052 0
1412358362 0
1412358672 0
1412358982 0
1412359292 0
1412359602 0
1412359913 0
1412360222 0
1412360533 0
1412360842 0
1412361152 0
1412361463 0
1412361773 0
1412362083 0
1412362393 0
1412362703 0
1412363013 0
1412363323 0
1412363633 0
1412363943 0
1412364253 0
1412364563 0
1412364863 0
1412365173 0
1412365483 0
1412365793 0
1412366103 10
1412366413 0
1412366723 0
1412367034 0
1412367343 0
1412367654 0
1412367963 0
1412368274 0
1412368584 0
1412368894 0
1412369204 0
1412369514 0
1412369824 0
1412370134 0
1412370444 0
1412370754 0
1412371064 0
1412371374 0
1412371684 0
1412371994 0
1412372294 0
1412372604 0
1412372914 0
1412373224 0
1412373534 0
1412373844 0
1412374154 0
1412374464 0
1412374775 0
1412375085 0
1412375395 0
1412375705 0
1412376015 0
1412376325 0
1412376635 0
1412376935 0
1412377245 0
1412377555 0
1412377865 0
1412378175 0
1412378486 0
1412378796 0
1412379098 0
1412379408 0
1412379708 0
1412380018 0
1412380328 0
1412380638 0
1412380948 0
1412381258 0
1412381569 0
1412381878 0
1412382189 0
1412382498 0
1412382809 0
1412383119 0
1412383429 0
1412383739 0
1412384049 0
1412384359 0
1412384669 0
1412384979 0
1412385289 0
1412385599 0
1412385909 0
1412386219 0
1412386519 0
1412386829 0
1412387139 0
1412387449 0
1412387759 0
1412388069 0
1412388379 0
1412388690 0
1412388999 0
1412389310 0
1412389620 0
1412389929 0
1412390239 0
1412390550 0
1412390860 0
1412391170 0
1412391480 0
1412391790 0
1412392100 0
1412392410 0
1412392720 0
1412393030 0
1412393330 0
1412393641 0
1412393950 0
1412394260 0
1412394570 0
1412394881 22
1412395193 0
1412395501 0
1412395811 0
1412396119 0
1412396424 0
1412396733 0
1412397043 0
1412397353 0
1412397663 0
1412397973 0
1412398283 0
1412398593 0
1412398903 0
1412399203 0
1412399513 0
1412399823 0
1412400133 0
1412400443 0
1412400753 0
1412401056 0
1412401366 0
1412401676 0
1412401976 0
1412402286 0
1412402596 0
1412402906 0
1412403216 0
1412403526 0
1412403837 0
1412404147 0
1412404457 0
1412404767 0
1412405077 0
1412405387 0
1412405697 0
1412406007 0
1412406317 0
1412406627 0
1412406937 0
1412407247 0
1412407547 0
1412407857 0
1412408167 0
1412408477 0
1412408788 0
1412409097 0
1412409407 0
1412409718 18
1412410028 0
1412410338 0
1412410648 0
1412410958 0
1412411268 0
1412411578 0
1412411888 0
1412412198 0
1412412508 0
1412412818 0
1412413119 0
1412413428 0
1412413738 0
1412414049 0
1412414359 0
1412414669 0
1412414979 0
1412415289 0
1412415599 0
1412415909 0
1412416219 0
1412416529 0
1412416839 0
1412417149 0
1412417459 0
1412417769 0
1412418069 0
1412418379 0
1412418689 0
1412418999 0
1412419309 0
1412419619 0
1412419929 0
1412420239 0
1412420550 0
1412420860 0
1412421169 0
1412421471 0
1412421781 0
1412422091 0
1412422401 0
1412422711 0
1412423021 0
1412423331 0
1412423641 0
1412423951 0
1412424261 0
1412424571 0
1412424881 0
1412425181 0
1412425491 0
1412425801 0
1412426111 0
1412426421 0
1412426731 0
1412427041 0
1412427351 0
1412427662 0
1412427971 0
1412428282 0
1412428592 0
1412428903 3
1412429213 4
1412429522 0
1412429832 0
1412430142 0
1412430452 0
1412430762 0
1412431072 0
1412431382 0
1412431692 0
1412432002 0
1412432302 0
1412432612 0
1412432922 0
1412433232 0
1412433542 0
1412433852 0
1412434162 0
1412434472 0
1412434783 0
1412435093 0
1412435403 0
1412435712 0
1412436023 0
1412436333 0
1412436643 0
1412436953 0
1412437263 0
1412437573 0
1412437883 0
1412438193 0
1412438503 0
1412438813 0
1412439123 0
1412439423 18
1412439733 0
1412440043 0
1412440353 0
1412440664 0
1412440974 0
1412441283 0
1412441594 0
1412441903 0
1412442214 0
1412442524 0
1412442834 0
1412443144 0
1412443454 0
1412443764 0
1412444074 0
1412444384 0
1412444686 0
1412444996 0
1412445306 4
1412445617 0
1412445926 0
1412446237 0
1412446546 0
1412446857 0
1412447166 0
1412447477 0
1412447787 0
1412448097 0
1412448407 0
1412448717 0
1412449027 0
1412449337 0
1412449647 0
1412449957 0
1412450267 0
1412450577 0
1412450887 0
1412451197 0
1412451507 0
1412451817 0
1412452127 0
1412452437 0
1412452747 0
1412453057 0
1412453367 0
1412453677 0
1412453977 0
1412454287 0
1412454597 0
1412454907 0
1412455217 0
1412455527 0
1412455837 0
1412456147 0
1412456457 0
1412456768 0
1412457077 0
1412457388 0
1412457698 0
1412458008 0
1412458318 0
1412458628 0
1412458938 0
1412459248 0
1412459558 0
1412459868 0
1412460178 0
1412460488 0
1412460798 0
1412461108 0
1412461418 0
1412462077 0
1412462387 0
1412462697 0
1412463007 0
1412463317 0
1412463627 0
1412463937 0
1412464248 0
1412464557 0
1412464867 0
1412465177 0
1412465487 0
1412465797 0
1412466097 0
1412466407 0
1412466717 0
1412467027 0
1412467337 0
1412467647 0
1412467957 0
1412468259 0
1412468569 0
1412468879 0
1412469190 0
1412469499 0
1412469810 0
1412470120 0
1412470429 0
1412470740 0
1412471050 0
1412471360 0
1412471670 0
1412471980 0
1412472290 0
1412472600 0
1412472910 0
1412473220 0
1412473530 0
1412473840 0
1412474150 0
1412474460 0
1412474770 0
1412475080 0
1412475390 0
1412475700 0
1412476010 0
1412476310 0
1412476620 0
1412476930 0
1412477240 0
1412477550 0
1412477860 0
1412478170 0
1412478481 0
1412478790 0
1412479101 0
1412479410 0
1412479721 0
1412480031 0
1412480340 0
1412480651 0
1412480961 0
1412481271 0
1412481581 0
1412481891 0
1412482201 0
1412482511 0
1412482821 0
1412483131 0
1412483441 0
1412483751 0
1412484061 0
1412484371 0
1412484681 0
1412484981 0
1412485291 0
1412485601 0
1412485911 0
1412486221 0
1412486531 0
1412486841 0
1412487151 0
1412487461 0
1412487771 0
1412488077 0
1412488387 0
1412488697 0
1412489007 0
1412489307 0
1412489616 0
1412489926 0
1412490236 0
1412490546 0
1412490856 0
1412491166 0
1412491476 0
1412491787 0
1412492097 0
1412492407 0
1412492717 0
1412493027 0
1412493337 0
1412493647 0
1412493957 0
1412494267 0
1412494577 0
1412494887 0
1412495197 0
1412495507 0
1412495817 0
1412496128 0
1412496437 0
1412496747 0
1412497057 0
1412497367 17
1412497678 20
1412497987 20
1412498297 22
1412498597 0
1412498907 0
1412499217 0
1412499527 0
1412499837 0
1412500148 0
1412500458 0
1412500768 0
1412501078 0
1412501388 0
1412501698 0
1412502008 0
1412502318 0
1412502628 0
1412502938 0
1412503248 0
1412503558 0
1412503868 0
1412504178 0
1412504488 0
1412504798 0
1412505108 0
1412505408 0
1412505718 0
1412506028 0
1412506339 0
1412506648 0
1412506958 0
1412507268 0
1412507578 0
1412507888 0
1412508199 0
1412508508 0
1412508819 0
1412509129 0
1412509439 0
1412509749 0
1412510059 0
1412510369 0
1412510679 0
1412510983 0
1412511293 0
1412511603 0
1412511913 0
1412512223 0
1412512523 0
1412512833 0
1412513143 0
1412513453 0
1412513763 0
1412514073 0
1412514383 0
1412514693 0
1412515003 0
1412515313 0
1412515623 0
1412515934 0
1412516243 0
1412516554 0
1412516863 0
1412517174 0
1412517484 0
1412517794 0
1412518104 0
1412518414 0
1412518724 0
1412519034 0
1412519344 0
1412519654 36
1412519964 0
1412520274 0
1412520584 0
1412520894 1
1412521204 0
1412521514 0
1412521824 0
1412522134 0
1412522444 0
1412522744 9
1412523057 0
1412523365 0
1412523674 15
1412523985 0
1412524295 0
1412524605 0
1412524915 0
1412526856 5
1412527167 0
1412527477 0
1412527776 0
1412528087 0
1412528394 0
1412528694 0
1412529004 0
1412529314 0
1412529625 0
1412529935 0
1412530245 0
1412530555 0
1412530865 0
1412531175 0
1412531485 0
1412531795 0
1412532105 0
1412532415 0
1412532725 0
1412533025 0
1412533335 0
1412533645 0
1412533955 0
1412534265 0
1412534575 0
1412534885 0
1412535196 0
1412535505 0
1412535816 0
1412536126 1
1412536435 37
1412536746 0
1412537056 0
1412537366 0
1412537676 0
1412537986 0
1412538296 0
1412538606 0
1412538907 0
1412539218 0
1412539528 0
1412539837 0
1412540147 0
1412540458 0
1412540760 0
1412541070 0
1412541380 0
1412541680 0
1412541990 0
1412542300 0
1412542610 0
1412542920 0
1412543230 0
1412543540 0
1412543850 0
1412544160 0
1412544470 0
1412544781 0
1412545090 0
1412545401 0
1412545711 0
1412546021 0
1412546331 0
1412546641 0
1412546951 0
1412547261 0
1412547571 0
1412547881 0
1412548191 0
1412548494 0
1412548801 0
1412549111 0
1412549414 0
1412549724 0
1412550034 0
1412550344 0
1412550646 0
1412550956 0
1412551259 0
1412551569 0
1412551879 0
1412552179 1
1412552489 0
1412552799 0
1412553110 0
1412553420 0
1412553730 0
1412554040 0
1412554350 0
1412554660 0
1412554970 0
1412555270 0
1412555581 0
1412555891 0
1412556201 0
1412556511 0
1412556821 0
1412557131 0
1412557441 0
1412557751 0
1412558061 0
1412558371 0
1412558681 0
1412558981 0
1412559291 0
1412559601 0
1412559911 0
1412560221 0
1412560531 0
1412560842 0
1412561151 0
1412561462 0
1412561772 0
1412562082 0
1412562392 0
1412562702 0
1412563012 0
1412563322 0
1412563632 0
1412563942 0
1412564252 0
1412564914 0
1412565223 0
1412565533 0
1412565844 0
1412566153 0
1412566463 0
1412566774 0
1412567084 0
1412567394 2
1412567705 0
1412568014 0
1412568315 0
1412568624 0
1412568935 0
1412569245 0
1412569553 0
1412569863 0
1412570173 0
1412570483 0
1412570793 0
1412571103 0
1412571414 0
1412571723 0
1412572033 0
1412572344 0
1412572654 0
1412572964 0
1412573274 0
1412573584 0
1412573894 0
1412574204 0
1412574514 0
1412574824 0
1412575134 0
1412575444 0
1412575754 0
1412576064 0
1412576374 0
1412576684 0
1412576994 2
1412577304 0
1412577604 0
1412577914 0
1412578224 0
1412578534 0
1412578844 0
1412579149 0
1412579459 0
1412579770 0
1412580079 0
1412580390 0
1412580700 0
1412581010 0
1412581320 0
1412581630 0
1412581940 0
1412582250 0
1412586528 0
1412586827 0
1412587137 0
1412587447 0
1412587757 0
1412588068 0
1412588377 0
1412588688 0
1412588998 0
1412589308 0
1412589618 0
1412589928 0
1412590238 0
1412590548 0
1412590858 0
1412591168 0
1412591468 0
1412591778 0
1412592088 0
1412592398 0
1412592708 0
1412593018 0
1412593328 0
1412593638 0
1412593948 0
1412594258 0
1412594569 0
1412594879 0
1412595189 0
1412595499 0
1412595809 0
1412596119 0
1412596429 0
1412596739 0
1412597049 0
1412597359 0
1412597669 0
1412597979 0
1412598289 0
1412598599 0
1412598899 0
1412599209 0
1412599519 0
1412599829 0
1412600139 0
1412600450 0
1412600759 0
1412601069 0
1412601378 0
1412601688 0
1412601998 0
1412602308 0
1412602618 0
1412602928 0
1412603238 0
1412603548 0
1412603858 0
1412604168 0
1412604478 0
1412604788 0
1412605098 0
1412605408 0
1412605718 0
1412606028 0
1412606338 0
1412606648 0
1412606948 0
1412607258 0
1412607568 0
1412607878 0
1412608188 0
1412608498 0
1412608808 0
1412609118 0
1412609423 0
1412609733 0
1412610043 0
1412610353 0
1412610660 0
1412610971 0
1412611280 0
1412611590 0
1412611900 0
1412612210 0
1412612521 0
1412612830 0
1412613141 0
1412613451 0
1412613761 0
1412614071 0
1412614381 0
1412614691 0
1412615001 0
1412615311 0
1412615621 0
1412615931 0
1412616241 0
1412616551 0
1412616861 0
1412617171 0
1412617481 0
1412617791 0
1412618101 0
1412618411 0
1412618721 0
1412619031 0
1412619341 0
1412619651 0
1412619961 0
1412620271 0
1412620571 0
1412620881 0
1412621191 0
1412621501 0
1412621811 0
1412622121 0
1412622431 0
1412622741 0
1412623051 0
1412623361 0
1412623671 0
1412623982 0
1412624291 0
1412624601 0
1412624912 0
1412625222 0
1412625532 0
1412625842 0
1412626152 0
1412626462 0
1412626772 0
1412627082 0
1412627392 0
1412627702 0
1412628012 0
1412628322 0
1412628632 0
1412628942 0
1412629252 0
1412629559 0
1412629869 0
1412630179 0
1412630489 0
1412630799 0
1412631109 0
1412631419 0
1412631729 0
1412632039 0
1412632350 0
1412632659 0
1412632970 0
1412633280 0
1412633590 0
1412633899 0
1412634210 0
1412634520 0
1412634830 0
1412635140 0
1412635450 0
1412635760 0
1412636070 0
1412636380 0
1412636690 0
1412637000 0
1412637310 0
1412637620 0
1412637930 0
1412638240 0
1412638550 0
1412638860 0
1412639170 0
1412639480 0
1412639790 0
1412640100 0
1412640410 0
1412640720 0
1412641030 0
1412641340 0
1412641640 0
1412641950 0
1412642260 0
1412642570 0
1412642880 0
1412643190 0
1412643500 0
1412643810 0
1412644121 9
1412644431 0
1412644741 0
1412645051 0
1412645361 0
1412645671 0
1412645981 0
1412646291 0
1412646601 0
1412646911 0
1412647221 0
1412647531 0
1412647841 0
1412648151 0
1412648461 0
1412648765 0
1412649075 0
1412649385 0
1412649695 0
1412650005 0
1412650315 0
1412650625 0
1412650935 0
1412651245 1
1412651555 0
1412651865 0
1412652176 0
1412652486 0
1412652796 0
1412653106 0
1412653416 0
1412653726 0
1412654036 0
1412654346 0
1412654656 0
1412654966 0
1412655276 2
1412655586 0
1412655896 0
1412656206 0
1412656516 0
1412656826 0
1412657136 0
1412657446 0
1412657756 0
1412658066 0
1412658376 0
1412658676 0
1412658986 0
1412659296 0
1412659606 0
1412659916 0
1412660226 0
1412660536 0
1412660847 0
1412661155 0
1412661465 0
1412661775 0
1412662085 0
1412662396 0
1412662706 0
1412663016 0
1412663326 0
1412663636 0
1412663946 0
1412664254 0
1412664564 0
1412664874 0
1412665184 0
1412665494 0
1412665804 0
1412666114 0
1412666424 0
1412666734 0
1412667044 0
1412667344 0
1412667654 0
1412667964 1
1412668274 0
1412668584 0
1412668894 0
1412669205 0
1412669514 0
1412669825 0
1412670135 0
1412670444 0
1412670755 0
1412671065 0
1412671375 0
1412671685 0
1412671995 0
1412672305 0
1412672615 0
1412672925 1
1412673235 0
1412673545 0
1412673855 0
1412674165 0
1412674475 0
1412674785 0
1412675085 0
1412675395 0
1412675706 0
1412676015 0
1412676325 0
1412676635 0
1412676945 0
1412677256 2
1412677567 0
1412677867 0
1412678176 0
1412678486 0
1412678794 0
1412679095 0
1412679400 0
1412679710 0
1412680020 0
1412680320 0
1412680630 0
1412680940 0
1412681250 0
1412681560 0
1412681870 0
1412682181 0
1412682491 0
1412682801 0
1412683111 0
1412683421 0
1412683731 0
1412684041 0
1412684351 0
1412684661 0
1412684971 0
1412685281 0
1412685591 0
1412685901 0
1412686211 0
1412686521 0
1412686831 0
1412687141 0
1412687441 0
1412687751 0
1412688061 0
1412688371 0
1412688681 0
1412688991 0
1412689301 0
1414614603 0
1414614903 0
1414615209 0
1414615519 0
1414615829 0
1414616139 0
1414616439 6
1414616744 0
1414617054 0
1414617365 0
1414617674 0
1414617984 0
1414618284 0
1414618595 0
1414618905 0
1414619215 0
1414619525 0
1414619835 0
1414620136 0
1414620446 0
1414620746 0
1414621056 0
1414621366 0
1414621676 0
1414621986 0
1414622296 0
1414622606 0
1414622916 0
1414623226 0
1414623536 0
1414623847 0
1414624155 0
1414624465 0
1414624775 0
1414625085 0
1414625395 0
1414625705 0
1414626015 0
1414626325 0
1414626635 0
1414626945 0
1414627255 0
1414627555 0
1414627865 0
1414628175 0
1414628485 0
1414628795 0
1414629105 0
1414629416 0
1414629726 0
1414630035 0
1414630346 1
1414630656 0
1414630966 0
1414631276 0
1414631586 0
1414631896 0
1414632206 0
1414632516 0
1414632826 0
1414633136 1
1414633446 0
1414633746 0
1414634056 0
1414634366 0
1414634676 0
1414634987 0
1414635297 0
1414635604 0
1414635915 0
1414636224 0
1414636535 0
1414636845 0
1414637155 0
1414637465 0
1414637775 0
1414638085 0
1414638399 4
1414638706 0
1414639015 0
1414639325 0
1414639635 0
1414639945 0
1414640255 0
1414640555 0
1414640865 0
1414641175 0
1414641486 0
1414641786 0
1414642096 0
1414642406 0
1414642717 0
1414643026 0
1414643336 0
1414643873 0
1414644183 0
1414644493 0
1414644803 0
1414645113 0
1414645423 0
1414645733 0
1414646043 0
1414646353 0
1414646653 0
1414646963 1
1414647273 0
1414647583 0
1414647894 5
1414648204 23
1414648514 25
1414648824 22
1414649134 22
1414649444 21
1414649754 3
1414650305 0
1414650614 0
1414650924 0
1414651235 0
1414651545 0
1414651855 0
1414652165 0
1414652475 0
1414652778 0
1414653088 0
1414653398 0
1414653708 0
1414654008 0
1414654318 0
1414654628 0
1414654938 0
1414655248 0
1414655558 0
1414655868 0
1414656179 22
1414656489 0
1414656799 0
1414657108 0
1414657419 0
1414657729 0
1414658039 0
1414658349 0
1414658659 0
1414658969 0
1414659279 0
1414659589 0
1414659899 0
1414660209 0
1414660519 0
1414660821 0
1414661124 0
1414661433 0
1414661744 0
1414662054 0
1414662364 0
1414662674 0
1414662984 0
1414663294 0
1414663604 0
1414663914 0
1414664224 0
1414664534 0
1414664844 0
1414665154 0
1414665464 18
1414665774 0
1414666084 0
1414666394 0
1414666704 0
1414667004 0
1414667314 0
1414667624 0
1414667934 0
1414668244 0
1414668555 0
1414668865 0
1414669168 0
1414669478 0
1414669788 0
1414670098 0
1414670408 0
1414670718 0
1414671029 0
1414671338 0
1414671649 0
1414671959 0
1414672269 0
1414672579 0
1414672889 0
1414673199 1
1414673509 0
1414673819 0
1414674129 0
1414674439 0
1414674749 0
1414675059 0
1414675369 0
1414675679 0
1414675989 0
1414676299 0
1414676609 0
1414676909 0
1414677219 0
1414677529 0
1414677839 0
1414678149 0
1414678459 0
1414678770 0
1414679079 0
1414679389 0
1414679699 0
1414680009 0
1414680320 0
1414680630 0
1414680940 0
1414681250 0
1414681560 0
1414681870 0
1414682180 0
1414682490 0
1414682800 0
1414683110 0
1414683420 0
1414683721 0
1414684030 0
1414684340 0
1414684650 0
1414684961 0
1414685271 1
1414685572 0
1414685882 0
1414686192 0
1414686502 0
1414686812 0
1414687122 0
1414687433 0
1414687743 0
1414688053 0
1414688363 0
1414688673 0
1414688977 0
1414689287 0
1414689597 0
1414689907 0
1414690217 0
1414690527 0
1414690837 0
1414691147 0
1414691457 0
1414691767 0
1414692077 0
1414692387 0
1414692697 0
1414693007 0
1414693317 0
1414693627 0
1414693937 0
1414694247 0
1414694557 0
1414694868 0
1414695178 0
1414695488 0
1414695798 0
1414696108 0
1414696420 3
1414696719 33
1414697028 31
1414697340 0
1414697646 0
1414697946 0
1414698256 0
1414698567 0
1414698877 0
1414699187 0
1414699497 0
1414699806 0
1414700116 0
1414700426 0
1414700736 0
1414701046 0
1414701356 0
1414701666 0
1414701978 0
1414702286 0
1414702596 0
1414702896 0
1414703206 0
1414703516 0
1414703826 0
1414704136 0
1414704446 0
1414704756 0
1414705067 0
1414705377 7
1414705687 1
1414705997 17
1414706310 52
1414706621 67
1414706915 40
1414707215 53
1414707517 46
1414707817 48
1414708118 49
1414708420 50
1414708722 53
1414709031 50
1414709333 50
1414709633 50
1414709936 50
1414710237 40
1414710539 50
1414710841 46
1414711158 50
1414711444 52
1414711745 52
1414712045 50
1414712347 48
1414712647 49
1414712949 39
1414713259 46
1414713562 59
1414713861 49
1414714162 47
1414714464 49
1414714764 47
1414715065 57
1414715372 49
1414715666 48
1414715976 44
1414716277 48
1414716579 48
1414716879 48
1414717190 48
1414717491 50
1414717801 48
1414718102 49
1414718403 48
1414718727 46
1414719015 50
1414719324 50
1414719634 48
1414719935 50
1414720246 49
1414720546 50
1414720856 50
1414721157 48
1414721467 49
1414721777 49
1414722078 48
1414722394 50
1414722691 48
1414722999 50
1414723300 48
1414723612 49
1414723910 51
1414724221 49
1414724531 50
1414724834 49
1414725142 50
1414725443 50
1414725754 48
1414726065 50
1414726364 48
1414726665 50
1414726975 49
1414727276 48
1414727576 48
1414727887 49
1414728198 49
1414728500 49
1414728799 47
1414729100 49
1414729401 47
1414729705 48
1414730003 48
1414730304 49
1414730605 51
1414730916 48
1414731219 50
1414731528 49
1414731843 51
1414732142 50
1414732446 50
1414744182 52
1414744488 49
1414744789 47
1414745099 51
1414746379 49
1414746681 49
1414746980 49
1414747292 47
1414747906 50
1414748202 48
1414748512 49
1414748813 48
1414852907 77
1414862305 75
1414862616 76
1414862926 76
1414863236 75
1414863537 76
1414863846 74
1414864156 76
1414864466 77
1414864776 76
1414865076 76
1414865386 76
1414865697 75
1414866007 74
1414866323 77
1414866618 75
1414866927 76
1415205092 0
1415205393 0
1415205703 0
1415206003 29
1415206314 18
1415206629 0
1415206934 0
1415207244 20
1415207554 22
1415207864 51
1415208164 40
1415208474 0
1415208784 0
1415209095 0
1415209405 5
1415209715 0
1415210025 0
1415210335 0
1415210645 0
1415210955 0
1415211265 0
1415211575 0
1415211885 5
1415212196 2
1415212505 0
1415212815 0
1415213125 0
1415213436 0
1415213738 6
1415214046 0
1415214356 0
1415214666 0
1415214976 0
1415215286 0
1415215596 0
1415215906 0
1415216216 0
1415216526 0
1415216836 0
1415217146 0
1415217456 0
1415217766 0
1415218072 0
1415218382 0
1415218692 0
1415219002 0
1415219312 0
1415219622 0
1415219932 0
1415220242 1
1415220552 0
1415220852 0
1415221163 0
1415221473 0
1415221783 0
1415222093 0
1415222403 0
1415222713 0
1415223023 0
1415223333 0
1415223643 0
1415223953 0
1415224263 0
1415224573 0
1415224883 0
1415225193 0
1415225503 0
1415225817 0
1415226123 0
1415226433 0
1415226733 0
1415227043 0
1415227354 0
1415227663 0
1415227973 0
1415228284 0
1415228594 0
1415228904 0
1415235991 0
1415236289 0
1415236600 0
1415236910 0
1415237220 0
1415237530 0
1415237841 0
1415238151 0
1415238456 0
1415238767 0
1415239077 0
1415239386 0
1415239696 0
1415240007 0
1415240316 0
1415240627 0
1415240937 0
1415241247 0
1415241557 0
1415241867 0
1415242177 0
1415242487 0
1415242797 0
1415243107 0
1415243407 0
1415243717 0
1415244027 0
1415244337 0
1415244647 0
1415244957 0
1415245267 0
1415245577 0
1415245888 0
1415246198 0
1415246508 0
1415246817 0
1415247128 0
1415247438 0
1415247748 0
1415248058 0
1415248368 0
1415248678 0
1415248989 0
1415249288 0
1415249598 0
1415249908 0
1415250219 0
1415250529 0
1415250839 0
1415251149 0
1415251460 0
1415251760 0
1415252070 0
1415252380 0
1415252690 8
1415253000 10
1415253310 9
1415253620 7
1415253930 14
1415254230 12
1415254541 4
1415254850 0
1415255160 0
1415255470 0
1415255781 0
1415256091 0
1415256401 0
1415256711 0
1415257023 0
1415407989 0
1415408297 0
1415408607 0
1415408917 0
1415409227 0
1415409537 0
1415409847 0
1415410157 0
1415410468 0
1415410777 0
1415411088 0
1415411397 0
1415411707 0
1415412017 0
1415412328 14
1415412638 13
1415412948 17
1415413258 15
1415413568 0
1415413878 0
1415414188 0
1415414498 0
1415414808 0
1415415108 1
1415415418 0
1415415728 0
1415416038 0
1415416348 0
1415416658 0
1415416968 0
1415417278 0
1415417588 0
1415417898 0
1415418208 0
1415418518 0
1415418828 0
1415419138 0
1415419448 0
1415419758 0
1415420068 0
1415420378 0
1415420688 0
1415420996 0
1415421306 0
1415421616 0
1415421916 0
1415422226 0
1415422536 0
1415422846 0
1415423156 0
1415423466 0
1415423776 0
1415424086 0
1415424395 0
1415424705 0
1415425015 0
1415425325 0
1415425625 0
1415425935 0
1415426245 0
1415426555 0
1415426865 0
1415427175 0
1415427485 0
1415427795 0
1415428105 0
1415428415 1
1415428725 0
1415429035 0
1415429345 0
1415429655 0
1415429965 0
1415430276 0
1415430586 0
1415430896 0
1415431205 0
1415431516 0
1415431826 0
1415432136 0
1415432446 0
1415432756 0
1415433066 0
1415433376 0
1415433686 0
1415433996 0
1415434306 0
1415434616 0
1415434926 0
1415435226 0
1415435536 0
1415435846 0
1415436156 0
1415436466 0
1415436776 20
1415437086 0
1415437396 0
1415437706 0
1415438016 0
1415438326 0
1415438636 0
1415438947 0
1415439248 0
1415439558 0
1415439869 0
1415440178 0
1415440488 0
1415440798 0
1415441109 0
1415441418 0
1415441728 0
1415442039 0
1415442349 0
1415442659 0
1415442969 0
1415443279 0
1415443589 0
1415443899 0
1415444209 0
1415444519 0
1415444829 0
1415445129 0
1415445439 0
1415445749 0
1415446059 0
1415446369 0
1415446679 0
1415446989 0
1415447299 0
1415447609 0
1415447919 0
1415448229 0
1415448539 0
1415448850 0
1415449160 0
1415449470 0
1415449780 9
1415450090 4
1415450400 6
1415450710 4
1415451020 7
1415451320 1
1415451630 4
1415451940 8
1415452250 5
1415452560 7
1415452870 8
1415453180 14
1415453490 7
1415453800 8
1415454110 12
1415454421 14
1415454730 9
1415455041 1
1415455351 6
1415455661 10
1415455971 11
1415456281 8
1415456591 17
1415456901 17
1415457211 12
1415457511 0
1415457821 0
1415458131 7
1415458441 4
1415458751 6
1415459061 8
1415459371 4
1415459681 7
1415459991 5
1415460301 8
1415460611 7
1415460921 2
1415461232 5
1415461541 6
1415461852 7
1415462162 5
1415462472 7
1415462782 8
1415463092 9
1415463402 3
1415463712 8
1415464012 10
1415464322 7
1415464632 10
1415464935 9
1415465245 14
1415465546 24
1415465855 22
1415466166 14
1415466476 0
1415466779 0
1415467087 0
1415467397 0
1415467707 0
1415468017 0
1415468327 0
1415468637 0
1415468947 0
1415469257 0
1415469567 0
1415469877 0
1415470187 0
1415470497 0
1415470808 0
1415471117 0
1415471427 0
1415471737 0
1415472047 0
1415472357 0
1415472667 0
1415472977 0
1415473287 0
1415473598 0
1415473904 1
1415474213 0
1415474523 0
1415474833 12
1415475143 10
1415475453 0
1415475763 0
1415476073 0
1415476383 0
1415476693 0
1415477003 10
1415477313 0
1415477623 0
1415477933 0
1415478243 0
1415478553 0
1415478863 0
1415479173 0
1415479484 6
1415479793 4
1415480103 0
1415480414 0
1415480723 0
1415481034 0
1415481343 0
1415481654 7
1415481964 0
1415482274 0
1415482584 0
1415482894 0
1415483204 0
1415483514 6
1415483824 0
1415484134 0
1415484444 0
1415484754 0
1415485054 0
1415485364 0
1415485674 0
1415485984 0
1415486294 17
1415486604 0
1415486914 0
1415487224 0
1415487534 0
1415487844 0
1415488154 9
1415488461 0
1415488770 0
1415489080 0
1415489390 6
1415489700 0
1415490010 0
1415490320 0
1415490630 0
1415490940 0
1415491250 2
1415491560 0
1415491870 0
1415492180 0
1415492490 0
1415492800 0
1415493110 0
1415493420 0
1415493730 0
1415494040 0
1415494350 8
1415494660 0
1415494970 0
1415495280 0
1415495591 0
1415495900 0
1415496210 0
1415496520 0
1415496830 0
1415497140 0
1415497450 0
1415497760 0
1415498070 0
1415498380 0
1415498690 0
1415499000 0
1415499310 0
1415499620 0
1415499930 0
1415500241 7
1415500550 0
1415500860 0
1415501170 0
1415501480 0
1415501790 0
1415502100 0
1415502410 15
1415502720 0
1415503030 0
1415503340 0
1415503650 0
1415503960 0
1415504270 0
1415504580 0
1415504890 0
1415505200 0
1415505510 0
1415505820 0
1415506130 0
1415506440 0
1415506751 0
1415507060 0
1415507370 0
1415507680 0
1415507990 0
1415508300 0
1415508611 0
1415508921 0
1415509230 6
1415509540 0
1415509850 0
1415510160 0
1415510470 0
1415510780 0
1415511090 0
1415511400 3
1415511710 0
1415512015 0
1415512324 20
1415512634 2
1415512944 20
1415513255 1
1415513564 0
1415513874 0
1415514184 0
1415514494 0
1415514804 0
1415515115 0
1415515424 0
1415515734 0
1415516044 0
1415516354 0
1415516664 0
1415516974 0
1415517284 0
1415517594 0
1415517904 0
1415518214 0
1415518524 0
1415518834 0
1415519144 0
1415519454 0
1415519764 0
1415520074 0
1415520384 0
1415520694 0
1415521004 0
1415521314 0
1415521624 49
1415521934 0
1415522244 0
1415522549 0
1415522859 0
1415523169 0
1415523479 0
1415523789 0
1415524099 0
1415524409 0
1415524718 0
1415525029 14
1415525339 11
1415525649 14
1415525959 12
1415526269 21
1415526579 0
1415526889 0
1415527199 0
1415527509 0
1415527819 0
1415528129 11
1415528439 0
1415528749 0
1415529059 0
1415529369 0
1415529679 0
1415529989 9
1415530299 0
1415530608 0
1415530919 0
1415531229 0
1415531538 0
1415531849 13
1415532158 0
1415532469 0
1415532778 0
1415533089 0
1415533398 0
1415533709 0
1415534019 0
1415534328 0
1415534639 0
1415534948 0
1415535259 49
1415535568 0
1415535878 0
1415536189 0
1415536498 0
1415536808 0
1415537119 0
1415537428 0
1415537739 0
1415538048 0
1415538358 0
1415538668 0
1415538978 0
1415539288 0
1415539598 0
1415539908 0
1415540218 0
1415540528 7
1415540838 0
1415541148 0
1415541458 0
1415541768 0
1415542078 0
1415542388 0
1415542698 0
1415543008 0
1415543318 0
1415543628 0
1415543938 0
1415544248 0
1415544558 0
1415544868 0
1415545178 2
1415545488 0
1415545798 0
1415546108 0
1415546418 0
1415546728 0
1415547038 0
1415547348 0
1415547658 0
1415547968 0
1415548278 0
1415548588 18
1415548898 0
1415549208 0
1415549518 0
1415549828 0
1415550138 50
1415550448 0
1415550758 0
1415551068 0
1415551378 0
1415551688 0
1415551998 0
1415552308 0
1415552618 0
1415552928 0
1415553238 0
1415553548 0
1415553858 0
1415554168 0
1415554478 0
1415554788 0
1415555098 0
1415555408 0
1415555718 0
1415556028 0
1415556338 39
1415556648 0
1415556958 0
1415557268 0
1415557578 0
1415557883 0
1415558193 0
1415558503 0
1415558813 0
1415559123 0
1415559433 0
1415559743 0
1415560053 0
1415560363 0
1415560672 16
1415560983 0
1415561292 0
1415561603 0
1415561912 48
1415562223 0
1415562533 1
1415562842 0
1415563153 1
1415563463 0
1415563772 0
1415564083 0
1415564392 0
1415564703 7
1415565012 0
1415565323 0
1415565632 1
1415565943 0
1415566252 0
1415566562 0
1415566872 0
1415567182 0
1415567493 0
1415567802 1
1415568113 1
1415568422 0
1415568732 13
1415569042 0
1415569352 0
1415569662 0
1415569972 69
1415570282 0
1415570592 0
1415570902 0
1415571212 27
1415571522 0
1415571832 0
1415572142 0
1415572452 0
1415572762 0
1415573072 0
1415573382 0
1415573692 1
1415574002 0
1415574312 0
1415574622 0
1415574932 0
1415575242 1
1415575552 0
1415575862 0
1415576172 0
1415576482 0
1415576789 0
1415577099 0
1415577409 0
1415577719 0
1415578029 0
1415578339 0
1415578649 0
1415578959 0
1415579259 0
1415579569 0
1415579879 0
1415580189 6
1415580499 0
1415580809 0
1415581119 0
1415581429 0
1415581739 0
1415582049 0
1415582359 0
1415582669 0
1415582979 0
1415583289 0
1415583599 0
1415583909 0
1415584219 0
1415584529 0
1415584839 0
1415598324 0
1415598633 0
1415598943 0
1415599253 0
1415599564 0
1415599873 0
1415600183 0
1415600488 0
1417235308 0
1417235612 0
1417235922 1
1417236232 0
1417236542 1
