1410716556 9295791104
1410716866 9296315392
1410717177 9280680960
1410717487 9280898048
1410717797 9280898048
1410718107 9280902144
1410718417 9280902144
1410718717 9280902144
1410719027 9280902144
1410719337 9280902144
1410719647 9280902144
1410719957 9280902144
1410720267 9280902144
1410720577 9280902144
1410720887 9280902144
1410721197 9280902144
1410721502 9322636288
1410721811 9322787840
1410722114 9341023232
1410722424 9341015040
1410722734 9341015040
1410723044 9341015040
1410723354 9343521792
1410723665 9343521792
1410723975 9343521792
1410724285 9343521792
1410724595 9343521792
1410724905 9343521792
1410725215 9343525888
1410725525 9343525888
1410725825 9343525888
1410726135 9343525888
1410726445 9343525888
1410726755 9343521792
1410727065 9343521792
1410727375 9343521792
1410727686 9343521792
1410727996 9343521792
1410728306 9343521792
1410728616 9343521792
1410728926 9343521792
1410729236 9343521792
1410729546 9343521792
1410729856 9343521792
1410730166 9343521792
1410730466 9343521792
1410730776 9343521792
1410731086 9343521792
1410731397 9343570944
1410731706 9343570944
1410732016 9343570944
1410732326 9343570944
1410732636 9343570944
1410732947 9343570944
1410733256 9343570944
1410733567 9343570944
1410733877 9343570944
1410734187 9343570944
1410734497 9343570944
1410734807 9343570944
1410735117 9343570944
1410735427 9343570944
1410735737 9343575040
1410736047 9343575040
1410736357 9343575040
1410736667 9343575040
1410736967 9343575040
1410737277 9343575040
1410737587 9343575040
1410737897 9343575040
1410738207 9343575040
1410738517 9343575040
1410738827 9343575040
1410739137 9343570944
1410739448 9343570944
1410739757 9343570944
1410740067 9343570944
1410740377 9343570944
1410740688 9343570944
1410740998 9343570944
1410741308 9343570944
1410741618 9343570944
1410741928 9343570944
1410742238 9343570944
1410742548 9343570944
1410742858 9343570944
1410743168 9343570944
1410743478 9343570944
1410743788 9343575040
1410744098 9343575040
1410744398 9343575040
1410744708 9343575040
1410745018 9343575040
1410745328 9343575040
1410745638 9343575040
1410745948 9343575040
1410746258 9343575040
1410746568 9343575040
1410746878 9343575040
1410747188 9343575040
1410747498 9408771072
1410748464 4822141952
1410748774 9495897088
1410749084 9634391040
1410749394 9954702336
1410749704 9812681728
1410750014 10014802944
1410750324 10014827520
1410750634 10014782464
1410750934 10014786560
1410751244 10014786560
1410751554 10014786560
1410751864 10014786560
1410752174 10014786560
1410752484 10014786560
1410752794 10014790656
1410753104 10014790656
1410753414 10014790656
1410753724 10014790656
1410754034 10014790656
1410754344 10014790656
1410754654 10014790656
1410754964 10014790656
1410755274 10014790656
1410755584 10014790656
1410755895 10014790656
1410756205 10014790656
1410756515 10014790656
1410756825 10014790656
1410757135 10014790656
1410757445 10014794752
1410757755 10014794752
1410758065 10014794752
1410758371 10014794752
1410758681 10014794752
1410758991 10014794752
1410759301 10014794752
1410759611 10014794752
1410759922 10014794752
1410760232 10014794752
1410760542 10014794752
1410760852 10014794752
1410761162 10014794752
1410761472 10014794752
1410761782 10014794752
1410762092 10014794752
1410762402 10014794752
1410762712 10014794752
1410763022 10014794752
1410763332 10014794752
1410763642 10014794752
1410763952 10014794752
1410764262 10014794752
1410764572 10014794752
1410764882 10014794752
1410765192 10014794752
1410765502 10014794752
1410765812 10014794752
1410766122 10014794752
1410766432 10014794752
1410766732 10014794752
1410767042 10014794752
1410767352 10014794752
1410767662 10014794752
1410767972 10014794752
1410768283 10015212544
1410768592 10017932288
1410768902 10017928192
1410769212 10017928192
1410769522 10017928192
1410769832 10017928192
1410770142 10017928192
1410770452 10017928192
1410770763 10017928192
1410771073 10017928192
1410771383 10017928192
1410771693 10017928192
1410772003 10017928192
1410772313 10017928192
1410772623 10017928192
1410772933 10017928192
1410773243 10017928192
1410773553 10017928192
1410773863 10017932288
1410774173 10017932288
1410774483 10017932288
1410774793 10017932288
1410775103 10017932288
1410775413 10017936384
1410775723 10017936384
1410776033 10017936384
1410776343 10017936384
1410776653 10017936384
1410776963 10017936384
1410777273 10017936384
1410777583 10017936384
1410777893 10017940480
1410778203 10017940480
1410778503 10017940480
1410778813 10017940480
1410779123 10017940480
1410779433 10017940480
1410779743 10017940480
1410780053 10017940480
1410780363 10017940480
1410780673 10017940480
1410780983 10017940480
1410781293 10017940480
1410781603 10017940480
1410781913 10017940480
1410782223 10017940480
1410782533 10017940480
1410782843 10017940480
1410783153 10017940480
1410783463 10017940480
1410783773 10017940480
1410784083 10017940480
1410784393 10017940480
1410784704 10017940480
1410785014 10017940480
1410785324 10017940480
1410785634 10017944576
1410785944 10017944576
1410786254 10017948672
1410786564 10017948672
1410786874 10017948672
1410787184 10017948672
1410787494 10017948672
1410787804 10017948672
1410788114 10017948672
1410788424 10017948672
1410788734 10017948672
1410789044 10017948672
1410789354 10017948672
1410789661 10017948672
1410789971 10017948672
1410790281 10017948672
1410790591 10017948672
1410790901 10017952768
1410791211 10017952768
1410791511 10017952768
1410791821 10017952768
1410792131 10017952768
1410792441 10017952768
1410792751 10017952768
1410793061 10017952768
1410793371 10017952768
1410793681 10017952768
1410793991 10017952768
1410794301 10017952768
1410794611 10017952768
1410794921 10017952768
1410795231 10017952768
1410795541 10017952768
1410795851 10017952768
1410796161 10017952768
1410796471 10017952768
1410796781 10017965056
1410797091 10017965056
1410797402 10017965056
1410797711 10017965056
1410798022 10017965056
1410798332 10017965056
1410798641 10017965056
1410798952 10017965056
1410799262 10017965056
1410799572 10017965056
1410799882 10017965056
1410800192 10017965056
1410800502 10017969152
1410800812 10017969152
1410801122 10017969152
1410801432 10017969152
1410801742 10017969152
1410802052 10017973248
1410802362 10017977344
1410802672 10017977344
1410802982 10017977344
1410803292 10017977344
1410803602 10017977344
1410803912 10017977344
1410804212 10017977344
1410804522 10018112512
1410804832 10018092032
1410805142 10018092032
1410805452 10018092032
1410805762 10018092032
1410806072 10018092032
1410806382 10018092032
1410806692 10018092032
1410807002 10018092032
1410807312 10018092032
1410807622 10018092032
1410807932 10018092032
1410808242 10018092032
1410808552 10018092032
1410808862 10018092032
1410809172 10018092032
1410809482 10018092032
1410809792 10018092032
1410810102 10018092032
1410810412 10018092032
1410810723 10018092032
1410811033 10018092032
1410811343 10018096128
1410811653 10018100224
1410811963 10018100224
1410812273 10018100224
1410812583 10018100224
1410812893 10018100224
1410813203 10018100224
1410813513 10018100224
1410813823 10018100224
1410814133 10018100224
1410814443 10018100224
1410814753 10018112512
1410815063 10018116608
1410815373 10018116608
1410815683 10018116608
1410815993 10018116608
1410816303 10018116608
1410816613 10018116608
1410816923 10018116608
1410817233 10018116608
1410817533 10018116608
1410817843 10018116608
1410818153 10018116608
1410818463 10018116608
1410818773 10018116608
1410819083 10018116608
1410819393 10018116608
1410819703 10018116608
1410820013 10018116608
1410820323 10018116608
1410820633 10018116608
1410820934 10018116608
1410821244 10018116608
1410821554 10018116608
1410821864 10018116608
1410822174 10018120704
1410822484 10018120704
1410822794 10018120704
1410823104 10018120704
1410823414 10018120704
1410823724 10018128896
1410824034 10018120704
1410824344 10018120704
1410824654 10018120704
1410824964 10018120704
1410825274 10018120704
1410825584 10018120704
1410825894 10018120704
1410826205 10018120704
1410826514 10018120704
1410826825 10018120704
1410827134 10018120704
1410827444 10018120704
1410827755 10018120704
1410828064 10018120704
1410828375 10018120704
1410828685 10018120704
1410828995 10018124800
1410829305 10018128896
1410829615 10018128896
1410829925 10018128896
1410830235 10018128896
1410830545 10018128896
1410830855 10018128896
1410831165 10018128896
1410831475 10018128896
1410831785 10018128896
1410832095 10018128896
1410832405 10018128896
1410832715 10018128896
1410833025 10018132992
1410833335 10018132992
1410833645 10018132992
1410833955 10018141184
1410834255 10018141184
1410834565 10018141184
1410834875 10018141184
1410835185 10018141184
1410835495 10018141184
1410835805 10018141184
1410836115 10018141184
1410836425 10018141184
1410836735 10018141184
1410837045 10018141184
1410837355 10018141184
1410837665 10018141184
1410837975 10018141184
1410838285 10018145280
1410838595 10018145280
1410838905 10018145280
1410839215 10018145280
1410839525 10018145280
1410839835 10018145280
1410840146 10018145280
1410840455 10018145280
1410840765 10018145280
1410841075 10018145280
1410841386 10018145280
1410841696 10018153472
1410842006 10018145280
1410842316 10018145280
1410842626 10018145280
1410842936 10018145280
1410843246 10018145280
1410843556 10018145280
1410843866 10018149376
1410844176 10018149376
1410844486 10018149376
1410844796 10018149376
1410845106 10018149376
1410845416 10018149376
1410845726 10018149376
1410846036 10018149376
1410846346 10018149376
1410846656 10018149376
1410846966 10018149376
1410847266 10018149376
1410847576 10018149376
1410847886 10018149376
1410848196 10018149376
1410848506 10018149376
1410848816 10018149376
1410849126 10018153472
1410849436 10018153472
1410849746 10018153472
1410850056 10018153472
1410850366 10018153472
1410850673 10018153472
1410850983 10018153472
1410851293 10018153472
1410851603 10018153472
1410851913 10018153472
1410852223 10018153472
1410852533 10018153472
1410852843 10018178048
1410853153 10018178048
1410853463 10018178048
1410853774 10018178048
1410854084 10018178048
1410854394 10018178048
1410854704 10018190336
1410855014 10018190336
1410855324 10018190336
1410855634 10018190336
1410855944 10018190336
1410856254 10018194432
1410856564 10018194432
1410856874 10018194432
1410857184 10018194432
1410857494 10018194432
1410857804 10018194432
1410858114 10018194432
1410858424 10018194432
1410858734 10018194432
1410859044 10018194432
1410859354 10018194432
1410859664 10018194432
1410859974 10018194432
1410860284 10018194432
1410860584 10018194432
1410860894 10018194432
1410861204 10018194432
1410861514 10018194432
1410861824 10018194432
1410862134 10018194432
1410862444 10018194432
1410862754 10018194432
1410863064 10018194432
1410863374 10018194432
1410863684 10018198528
1410863994 10018235392
1410864304 10018239488
1410864614 10108822528
1410864924 10108908544
1410865234 10108924928
1410865544 10108941312
1410865854 10108941312
1410866164 10108945408
1410866474 10108945408
1410866784 10108945408
1410867094 10108945408
1410867404 10108945408
1410867714 10108945408
1410868025 10108945408
1410868334 10108945408
1410868645 10108945408
1410868955 10108949504
1410869265 10108969984
1410869575 10108969984
1410869885 10108969984
1410870195 10108969984
1410870506 10331952128
1410870816 10313937920
1410871115 10313864192
1410871425 10313950208
1410871727 10314773504
1410872041 10324243456
1410872339 10326422528
1410872649 10326578176
1410872959 10326578176
1410873269 10326582272
1410873579 10326582272
1410873889 10326582272
1410874199 10327114752
1410874509 10327114752
1410874819 10327114752
1410875129 10327114752
1410875439 10327114752
1410875750 10327114752
1410876059 10327430144
1410876369 10327430144
1410876679 10327430144
1410876989 10327430144
1410877299 10327430144
1410877609 10327430144
1410877916 10327888896
1410878226 10327888896
1410878536 10327888896
1410878846 10327888896
1410879156 10327892992
1410879467 10327892992
1410879776 10328146944
1410880086 10328146944
1410880396 10328146944
1410880706 10328146944
1410881016 10328146944
1410881326 10328466432
1410881636 10328466432
1410881946 10328466432
1410882256 10328466432
1410882566 10328466432
1410882876 10328466432
1410883186 10328466432
1410883496 10328622080
1410883806 10328622080
1410884116 10328626176
1410884426 10328626176
1410884736 10328626176
1410885046 10328626176
1410885356 10328658944
1410885666 10328658944
1410885976 10328658944
1410886286 10328658944
1410886596 10328663040
1410886906 10328675328
1410887216 10328675328
1410887526 10328675328
1410887836 10328675328
1410888146 10328675328
1410888456 10328675328
1410888766 10328704000
1410889076 10328704000
1410889386 10328704000
1410889696 10328704000
1410890006 10328704000
1410890316 10328704000
1410890629 10329445376
1410890937 10328290304
1410891247 10326164480
1410891557 10326197248
1410895153 5710113792
1410896907 5707570176
1410897216 5709388800
1410897526 5709388800
1410897837 5709396992
1410898146 5668379648
1410898456 5668830208
1410898766 5668830208
1410899076 5668838400
1410899387 5668838400
1410899697 5668838400
1410900007 5668838400
1410900317 5668838400
1410900627 5668846592
1410900937 5668846592
1410901247 5668846592
1410901557 5668846592
1410901867 5668854784
1410902177 5668854784
1410902477 5668854784
1410902787 5668854784
1410903097 5668854784
1410903407 5668858880
1410903717 5668867072
1410904027 5668867072
1410904337 5668867072
1410904647 5668871168
1410904957 5668875264
1410905262 5668875264
1410905572 5668879360
1410905883 5668879360
1410906193 5668879360
1410906503 5668879360
1410906813 5668883456
1410907123 5668883456
1410907433 5668891648
1410907743 5668891648
1410908053 5668891648
1410908363 5668891648
1410908673 5668899840
1410908983 5668899840
1410909293 5668899840
1410909593 5668899840
1410909903 5668903936
1410910213 5668908032
1410910523 5668912128
1410910833 5668912128
1410911143 5668912128
1410911453 5668916224
1410911763 5668916224
1410912074 5668920320
1410912383 5668920320
1410912693 5668924416
1410913004 5668924416
1410913314 5668924416
1410913624 5668924416
1410913934 5668928512
1410914244 5668928512
1410914554 5668936704
1410914864 5668936704
1410915174 5668936704
1410915484 5668936704
1410915794 5668948992
1410916104 5668948992
1410916414 5668953088
1410916724 5668953088
1410917024 5668965376
1410917334 5668965376
1410917644 5668969472
1410917954 5668969472
1410918264 5668973568
1410918574 5668973568
1410918884 5668977664
1410919194 5668977664
1410919505 5668981760
1410919816 5669858304
1411005659 6334659584
1411005967 11095462912
1411006277 11276915712
1411006587 11725497344
1411006898 11840410624
1411007208 11952514048
1411007518 12090807296
1411007828 12214572032
1411008138 12347483136
1411008448 12490019840
1411008758 12636967936
1411009069 12778021888
1411009379 13336937472
1411009679 13611140096
1411009989 13611951104
1411010299 13611951104
1411010614 14301213696
1411010910 14309646336
1411846743 14309650432
1411847136 9635252224
1411847445 9637091328
1411847755 9637091328
1411848065 9637095424
1411848375 9637095424
1411848685 9637095424
1411848996 9637095424
1411849305 9637103616
1411849616 9637103616
1411849926 9637103616
1411850236 9637103616
1411850546 9637103616
1411850856 9637103616
1411851166 9638488064
1411851476 9637353472
1411851786 9637566464
1411852096 9638074368
1411852396 9638459392
1411852706 9638496256
1411853016 9638496256
1411853326 9638496256
1411853636 9638496256
1411853946 9638496256
1411854256 9638504448
1411854566 9638504448
1411854876 9638504448
1411855186 9638504448
1411855496 9638512640
1411855806 9638516736
1411856117 9638516736
1411856427 9638516736
1411856737 9638516736
1411857047 9638520832
1411857357 9638520832
1411857667 9638524928
1411857977 9638524928
1411858287 9638524928
1411858597 9638524928
1411858907 9638533120
1411859217 9638533120
1411859527 9638533120
1411859837 9638533120
1411860147 9638537216
1411860457 9638537216
1411860767 9638541312
1411861077 9638541312
1411861379 9638541312
1411861689 9638541312
1411861999 9638545408
1411862309 9638545408
1411862619 9638549504
1411862929 9638549504
1411863239 9638553600
1411863549 9638553600
1411863849 9638553600
1411864159 9638553600
1411864469 9638557696
1411864779 9638557696
1411865089 9638565888
1411865399 9638565888
1411865709 9638565888
1411866019 9638574080
1411866329 9638574080
1411866639 9638574080
1411866949 9638574080
1411867259 9638582272
1411867569 9638582272
1411867879 9638586368
1411868189 9638590464
1411868499 9638590464
1411868809 9638590464
1411869119 9638598656
1411869429 9638598656
1411869740 9638598656
1411870049 9638598656
1411870360 9638598656
1411870670 9638598656
1411870980 9638606848
1411871290 9638606848
1411871600 9638606848
1411871910 9638606848
1411872220 9638606848
1411872530 9638606848
1411872840 9638615040
1411873150 9638615040
1411873460 9638615040
1411873770 9638615040
1411874080 9638623232
1411874390 9638623232
1411874700 9638623232
1411875010 9638631424
1411875310 9638631424
1411875620 9638635520
1411875930 9638635520
1411876240 9638635520
1411876550 9638316032
1411876860 9638320128
1411877170 9638320128
1411877480 9638324224
1411877790 9638324224
1411878100 9638328320
1411878410 9638328320
1411878720 9638328320
1411879030 9638328320
1411879340 9638336512
1411879650 9638336512
1411879960 9638336512
1411880270 9638336512
1411880580 9638336512
1411880890 9638336512
1411881200 9638356992
1411881510 9638356992
1411881820 9638356992
1411882131 9638356992
1411882441 9638356992
1411882751 9638356992
1411883061 9638365184
1411883371 9638365184
1411883681 9638365184
1411883991 9638365184
1411884301 9638373376
1411884611 9638373376
1411884921 9638377472
1411885231 9638377472
1411885541 9638377472
1411885851 9638385664
1411886161 9638385664
1411886461 9638385664
1411886771 9638385664
1411887081 9638389760
1411887388 9638389760
1411887698 9638393856
1411888008 9638393856
1411888318 9638393856
1411888618 9638393856
1411888928 9638397952
1411889238 9638397952
1411889548 9638402048
1411889858 9638402048
1411890168 9638406144
1411890478 9638406144
1411890788 9638406144
1411891098 9638406144
1411891408 9638184960
1411891718 9638184960
1411892028 9638197248
1411892333 9638197248
1411892643 9637038080
1411892944 9637251072
1411893254 9637816320
1411893564 9638176768
1411893873 9638205440
1411894183 9638205440
1411894494 9638209536
1411894804 9638217728
1411895114 9638221824
1411895424 9638221824
1411895734 9638221824
1411896044 9638221824
1411896354 9638221824
1411896664 9638234112
1411896974 9638238208
1411897284 9638238208
1411897594 9638238208
1411897904 9638242304
1411898214 9638242304
1411898524 9638246400
1411898834 9638246400
1411899144 9638246400
1411899454 9638246400
1411899764 9638254592
1411900074 9638258688
1411900374 9638258688
1411900684 9638258688
1411900994 9638262784
1411901304 9638262784
1411901614 9638262784
1411901924 9638262784
1411902234 9638266880
1411902544 9638266880
1411902854 9638270976
1411903164 9638270976
1411903474 9638275072
1411903784 9638275072
1411904094 9638279168
1411904404 9638279168
1411904714 9638279168
1411905024 9638283264
1411905334 9638283264
1411905644 9638287360
1411905954 9638287360
1411906265 9638291456
1411906575 9638291456
1411906885 9638303744
1411907195 9638328320
1411907505 9638340608
1411907815 9638385664
1411908125 9638385664
1411908435 9638385664
1411908745 9638393856
1411909055 9638393856
1411909365 9638393856
1411909675 9638393856
1411909985 9638397952
1411910295 9638397952
1411910605 9638402048
1411910915 9638402048
1411911225 9638402048
1411911535 9638402048
1411911845 9638410240
1411912155 9638410240
1411912455 9638414336
1411912765 9638414336
1411913075 9638414336
1411913385 9638414336
1411913695 9638475776
1411914005 9638828032
1411914315 9638844416
1411914625 9638856704
1411914935 9638856704
1411915245 9638856704
1411915555 9638860800
1411915865 9638864896
1411916175 9638864896
1411916485 9638877184
1411916796 9638877184
1411917106 9638881280
1411917416 9638881280
1411917726 9638885376
1411918036 9638885376
1411918346 9638885376
1411918656 9638885376
1411918966 9638889472
1411919276 9638889472
1411919586 9638893568
1411919896 9638893568
1411920206 9638897664
1411920506 9638897664
1411920816 9638897664
1411921126 9638897664
1411921436 9638901760
1411921746 9638901760
1411922056 9638905856
1411922362 9638905856
1411922664 9638914048
1411922974 9638914048
1411923284 9638914048
1411923594 9638914048
1411923904 9638918144
1411924214 9638922240
1411924524 9638922240
1411924834 9638930432
1411925134 9638930432
1411925444 9638934528
1411925754 9638934528
1411926064 9638934528
1411926374 9638934528
1411926684 9638934528
1411926994 9638934528
1411927304 9638946816
1411927612 9638946816
1411927922 9638946816
1411928232 9638946816
1411928542 9638955008
1411928853 9638955008
1411929163 9638955008
1411929473 9638955008
1411929783 9638955008
1411930093 9638955008
1411930403 9638963200
1411930713 9638963200
1411931023 9638963200
1411931333 9638963200
1411931643 9638967296
1411931953 9638967296
1411932263 9638971392
1411932573 9638971392
1411932883 9638971392
1411933193 9638971392
1411933503 9638983680
1411933813 9638979584
1411934113 9638979584
1411934423 9638987776
1411934733 9638987776
1411935043 9638995968
1411935353 9639004160
1411935663 9639004160
1411935973 9639004160
1411936283 9639008256
1411936593 9639008256
1411936903 9639012352
1411937213 9639012352
1411937523 9639012352
1411937833 9639012352
1411938143 9639020544
1411938453 9639020544
1411938763 9639020544
1411939073 9639020544
1411939383 9639032832
1411939693 9639032832
1411940003 9639032832
1411940314 9639032832
1411940624 9639032832
1411940934 9639032832
1411941244 9639041024
1411941554 9639041024
1411941864 9639041024
1411942174 9639041024
1411942484 9639053312
1411942794 9639053312
1411943104 9639053312
1411943414 9639053312
1411943714 9639053312
1411944024 9639061504
1411944334 9639061504
1411944644 9639061504
1411944954 9639061504
1411945264 9639065600
1411945574 9639065600
1411945884 9639073792
1411946194 9639073792
1411946504 9639073792
1411946814 9639073792
1411947124 9639077888
1411947435 9639077888
1411947744 9639081984
1411948055 9639081984
1411948365 9639081984
1411948675 9639081984
1411948985 9639090176
1411949295 9639090176
1411949605 9639090176
1411949915 9639090176
1411950219 9639094272
1411950529 9639094272
1411950839 9639098368
1411951149 9639098368
1411951459 9639098368
1411951769 9639098368
1411952079 9639102464
1411952389 9639102464
1411952699 9639106560
1411953009 9639110656
1411953319 9639110656
1411953629 9639110656
1411953939 9639110656
1411954239 9639114752
1411954549 9639114752
1411954859 9639118848
1411955169 9639118848
1411955479 9639118848
1411955789 9639122944
1411956099 9639131136
1411956409 9639131136
1411956719 9639131136
1411957030 9639131136
1411957340 9639135232
1411957650 9639135232
1411957956 9639139328
1411958266 9639139328
1411958576 9639139328
1411958886 9639139328
1411959192 9639143424
1411959503 9639143424
1411959813 9639147520
1411960123 9639147520
1411960433 9639159808
1411960743 9639159808
1411961053 9639172096
1411961363 9639172096
1411961673 9639172096
1411961983 9639172096
1411962293 9639172096
1411962603 9639180288
1411962913 9639450624
1411963223 9639454720
1411963523 9639458816
1411963833 9639458816
1411964143 9639458816
1411964453 9639462912
1411964763 9639462912
1411965073 9639467008
1411965383 9639467008
1411965693 9639471104
1411966003 9610299392
1411966313 9612773376
1411966615 9616025600
1411967193 9614288896
1411967502 14288736256
1411967812 14288736256
1411968372 9618913280
1411968682 14293430272
1411968992 14293434368
1411969292 14293450752
1411969602 14293450752
1411969912 14293450752
1411970213 14293450752
1411970523 14293458944
1411970833 14293458944
1411971143 14293458944
1411971453 14293458944
1411971764 14293463040
1411972073 14293463040
1411972384 14293430272
1411972693 14293544960
1411973003 14293544960
1411973314 14293544960
1411973623 14293549056
1411973934 14293549056
1411974244 14293553152
1411974554 14293553152
1411974864 14293557248
1411975174 14293557248
1411975484 14293561344
1411975794 14293565440
1411976104 14293565440
1411976414 14293569536
1411976714 14293573632
1411977024 14293577728
1411977334 14293635072
1411977644 14293639168
1411977954 14293643264
1411978264 14293647360
1411978574 14293647360
1411978884 14293647360
1411979194 14293647360
1411979504 14293647360
1411979814 14293647360
1411980124 14293651456
1411980434 14293651456
1411980744 14293659648
1411981054 14293663744
1411981364 14293667840
1411981674 14293667840
1411981984 14293671936
1411982294 14293676032
1411982604 14293680128
1411982914 14293680128
1411983224 14293684224
1411983534 14293684224
1411983844 14293684224
1411984154 14293684224
1411984465 14293688320
1411984774 14293688320
1411985084 14293692416
1411985395 14293692416
1411985705 14293700608
1411986015 14293700608
1411986325 14293700608
1411986635 14293700608
1411986945 14293700608
1411987255 14293712896
1411987565 14293712896
1411987875 14293712896
1411988185 14293712896
1411988495 14293721088
1411988805 14293721088
1411989115 14293721088
1411989425 14293721088
1411989735 14293721088
1411990045 14293721088
1411990355 14293729280
1411990665 14293729280
1411990975 14293737472
1411991285 14293737472
1411991595 14293741568
1411991905 14293741568
1411992215 14293745664
1411992525 14293745664
1411992835 14293745664
1411993145 14293745664
1411993455 14293749760
1411993765 14293749760
1411994075 14293753856
1411994385 14293753856
1411994685 14293753856
1411994995 14293753856
1411995305 14293757952
1411995615 14293762048
1411995925 14293762048
1411996235 14293766144
1411996545 14293766144
1411996855 14293770240
1411997165 14293770240
1411997475 14293770240
1411997785 14293770240
1411998095 14293774336
1411998405 14293774336
1411998715 14293778432
1411999025 14293778432
1411999335 14293782528
1411999645 14293782528
1411999955 14293782528
1412000265 14293782528
1412000575 14293786624
1412000885 14293786624
1412001195 14293790720
1412001500 14293790720
1412001810 14293790720
1412002116 14293790720
1412002426 14293798912
1412002734 14293798912
1412003043 14293798912
1412003353 14293798912
1412003663 14293803008
1412003973 14293803008
1412004283 14293807104
1412004593 14293807104
1412004903 14293807104
1412005213 14293815296
1412005513 14293815296
1412005823 14293815296
1412006133 14293819392
1412006443 14293819392
1412006753 14293823488
1412007063 14293827584
1412007371 14293827584
1412007681 14293827584
1412007991 14293827584
1412008301 14293827584
1412008601 14293827584
1412008911 14293835776
1412009221 14293835776
1412009531 14293835776
1412009841 14293835776
1412010151 14293843968
1412010461 14293843968
1412010771 14293843968
1412011077 14293843968
1412011378 14293843968
1412011679 14293843968
1412011987 14293852160
1412012297 14293852160
1412012607 14293852160
1412012917 14293852160
1412013227 14293860352
1412013537 14293860352
1412013847 14293864448
1412014157 14293864448
1412014468 14293864448
1412014778 14293864448
1412015085 14293868544
1412015385 14293872640
1412015727 9619486720
1412016037 14293954560
1412016483 9620338688
1412016793 9622226944
1412017098 9622231040
1412017408 9622235136
1412017718 9622235136
1412018028 9622239232
1412018338 9622239232
1412018639 9622239232
1412018940 9622239232
1412019250 9622243328
1412019557 9622243328
1412019867 9622247424
1412020176 9622247424
1412020487 9622251520
1412020797 9622251520
1412021107 9622251520
1412021408 9622255616
1412021718 9622255616
1412022024 9622259712
1412022334 9622259712
1412022644 9622263808
1412022954 9622263808
1412023264 9622267904
1412023574 9622267904
1412023884 9622272000
1412024192 9622272000
1412024502 9622276096
1412024812 9622276096
1412025122 9622280192
1412025432 9622280192
1412025742 9622280192
1412026042 9622280192
1412026352 9622284288
1412026662 9622284288
1412026972 9622288384
1412027276 9622288384
1412027586 9622288384
1412027896 9622288384
1412028206 9622296576
1412028516 9622296576
1412028816 9622296576
1412029126 9622296576
1412029436 9622296576
1412029746 9622296576
1412030056 9622304768
1412030366 9622304768
1412030676 9622304768
1412030986 9622304768
1412031296 9622308864
1412031598 9622308864
1412031908 9622312960
1412032218 9622317056
1412032529 9622321152
1412032839 9622329344
1412033149 9622337536
1412033459 9622337536
1412033769 9622337536
1412034075 9622337536
1412034385 9622337536
1412034695 9622341632
1412035005 9622341632
1412035315 9622345728
1412035625 9622345728
1412035935 9622353920
1412036245 9622353920
1412036555 9622358016
1412036855 9622358016
1412037165 9622358016
1412037475 9622358016
1412037785 9622362112
1412038095 9622366208
1412038405 9622374400
1412038715 9622374400
1412039025 9622378496
1412039335 9622378496
1412039645 9622382592
1412039956 9622386688
1412040265 9622403072
1412040576 9622403072
1412040886 9622407168
1412041196 9622407168
1412041506 9622407168
1412041816 9622415360
1412042126 9622415360
1412042436 9622415360
1412042746 9622419456
1412043056 9622407168
1412043366 9635215360
1412043676 9702103040
1412043976 9702127616
1412044286 9696069632
1412044596 9696069632
1412044906 9696077824
1412045217 9696077824
1412045527 9696081920
1412045827 9696081920
1412046138 10061719552
1412046447 10060400640
1412046757 9696192512
1412047067 9696192512
1412047377 9696196608
1412047687 9696200704
1412047997 9696204800
1412048308 9696208896
1412048618 9696217088
1412048918 9696212992
1412049228 9696491520
1412049538 9696491520
1412050033 9694623744
1412050343 9696528384
1412050643 9696532480
1412050953 9696544768
1412051263 9696536576
1412051573 10060761088
1412051883 10060761088
1412052193 9696557056
1412052503 9696561152
1412052814 9696569344
1412053123 9696577536
1412053434 9696577536
1412053744 9696585728
1412054054 9701484544
1412054364 9701500928
1412054674 9701513216
1412054984 9701513216
1412055294 9701517312
1412055604 9701521408
1412055914 9701521408
1412056224 9701521408
1412056534 9701521408
1412056844 9701525504
1412057154 9701525504
1412057464 9701529600
1412057765 9701529600
1412058075 9701537792
1412058377 9701537792
1412058687 9701537792
1412058997 9701537792
1412059302 9701545984
1412059613 9701545984
1412059923 9701550080
1412060233 9701550080
1412060542 9701554176
1412060853 9701554176
1412061163 9701554176
1412061473 9701554176
1412061783 9701558272
1412062093 9701558272
1412062399 9701562368
1412062700 9701562368
1412063010 9701566464
1412063319 9701566464
1412063621 9701566464
1412063931 9701566464
1412064241 9701582848
1412064551 9701582848
1412064861 9701586944
1412065171 9701586944
1412065481 9701591040
1412065791 9701591040
1412066101 9701595136
1412066411 9701595136
1412066721 9701603328
1412067021 9701607424
1412067331 9701607424
1412067633 9701615616
1412067934 9701619712
1412068244 9701623808
1412068548 9701623808
1412068858 9701627904
1412069168 9701627904
1412069478 9701632000
1412069788 9701632000
1412070098 9701632000
1412070408 9701632000
1412070718 9701636096
1412071028 9701636096
1412071338 9701640192
1412071648 9701644288
1412071958 9701648384
1412072268 9701648384
1412072578 9701648384
1412072888 9701648384
1412073198 9701652480
1412073508 9701652480
1412073818 9701656576
1412074128 9701656576
1412074438 9701656576
1412074748 9701656576
1412075058 9701660672
1412075358 9701660672
1412075668 9701664768
1412075968 9701664768
1412076278 9701668864
1412076588 9701668864
1412076898 9701672960
1412077208 9701672960
1412077518 9701672960
1412077828 9701677056
1412078138 9701677056
1412078448 9701681152
1412078758 9701681152
1412079068 9701685248
1412079378 9701685248
1412079688 9701689344
1412079998 9701689344
1412080308 9701689344
1412080619 9701689344
1412080928 9701701632
1412081238 9701701632
1412081549 9701705728
1412081858 9701705728
1412082169 9701709824
1412082478 9701709824
1412082789 9701718016
1412083098 9701718016
1412083408 9730918400
1412083719 9730918400
1412084029 9730918400
1412084339 9730918400
1412084649 9730926592
1412084959 9730926592
1412085269 9730926592
1412085579 9730926592
1412085889 9730930688
1412086199 9730930688
1412086509 9730934784
1412086819 9730934784
1412087129 9730934784
1412087439 9730938880
1412087749 9730938880
1412088059 9730942976
1412088369 9730942976
1412088679 9730942976
1412088989 9730942976
1412089299 9730951168
1412089609 9730951168
1412089919 9730951168
1412090229 9730951168
1412090539 9730955264
1412090849 9730955264
1412091159 9730959360
1412091469 9730959360
1412091769 9730959360
1412092079 9730959360
1412092389 9730963456
1412092699 9730963456
1412093009 9730967552
1412093319 9730967552
1412093629 9730971648
1412093939 9730971648
1412094249 9730971648
1412094559 9730971648
1412094869 9730975744
1412095180 9730975744
1412095489 9730979840
1412095800 9730979840
1412096110 9730988032
1412096419 9730996224
1412096730 9730996224
1412097039 9730996224
1412097350 9730996224
1412097660 9731000320
1412097969 9731000320
1412098280 9731004416
1412098585 9731004416
1412098896 9731004416
1412099206 9731004416
1412099516 9731008512
1412099826 9731008512
1412100136 9731012608
1412100446 9731012608
1412100756 9731016704
1412101066 9731016704
1412101376 9731020800
1412101686 9731020800
1412101996 9731020800
1412102306 9731020800
1412102616 9731020800
1412102926 9731020800
1412103236 9731028992
1412103546 9731028992
1412103856 9731028992
1412104166 9731028992
1412104476 9731037184
1412104776 9731037184
1412105086 9731037184
1412105396 9731037184
1412105706 9731037184
1412106016 9731045376
1412106326 9731045376
1412106636 9731045376
1412106947 9731045376
1412107256 9731049472
1412107567 9731053568
1412107876 9731053568
1412108187 9731053568
1412108496 9731057664
1412108807 9731057664
1412109116 9731061760
1412109426 9731061760
1412109737 9731065856
1412110046 9731065856
1412110357 9731069952
1412110667 9731069952
1412110977 9731074048
1412111287 9731074048
1412111597 9731074048
1412111907 9731074048
1412219586 9727920128
1412219894 9729812480
1412220204 9729816576
1412220515 9729820672
1412220825 9729820672
1412221135 9729820672
1412221445 9729824768
1412221755 9729824768
1412222065 9729845248
1412222375 9729845248
1412222685 9729853440
1412223210 9728018432
1412223517 9729910784
1412223827 9729910784
1412224137 9729910784
1412224447 9729914880
1412224757 9729914880
1412225067 9729918976
1412225378 9729927168
1412225688 9765750784
1412225998 9807448064
1412226308 9881196544
1412226618 9880352768
1412226928 9880369152
1412227238 9882650624
1412227548 9886263296
1412227858 9886255104
1412228158 9886255104
1412228468 9886263296
1412228778 9886263296
1412229088 9886263296
1412229398 9886263296
1412229708 9886267392
1412230018 9886267392
1412230328 9886271488
1412230639 9886271488
1412230949 9886271488
1412231259 9886271488
1412231569 9886275584
1412231879 9886275584
1412232189 9886279680
1412232498 9886279680
1412232808 9886279680
1412233118 9886279680
1412233428 9886291968
1412233738 9886291968
1412234048 9886291968
1412234358 9886291968
1412234668 9886296064
1412234978 9886296064
1412235289 9886304256
1412235599 9886304256
1412235909 9886304256
1412236219 9886308352
1412236529 9886308352
1412236839 9886312448
1412237149 9886328832
1412237459 9886332928
1412237769 9886337024
1412238079 9886341120
1412238389 9886345216
1412238699 9886345216
1412239009 9886345216
1412239309 9886349312
1412239619 9886349312
1412239929 9886353408
1412240239 9886353408
1412240549 9886353408
1412240859 9886353408
1412241169 9886365696
1412241479 9886365696
1412241789 9886361600
1412242099 9886361600
1412242409 9886365696
1412242720 9886365696
1412243030 9886369792
1412243340 9886369792
1412243650 9886369792
1412243960 9886369792
1412244270 9886377984
1412244580 9886377984
1412244890 9886382080
1412245200 9886386176
1412245510 9886386176
1412245820 9886386176
1412246130 9886386176
1412246440 9886390272
1412246750 9886390272
1412247060 9886394368
1412247370 9886394368
1412247670 9886398464
1412247980 9886398464
1412248290 9886398464
1412248600 9886398464
1412248910 9886402560
1412249220 9886402560
1412249530 9886406656
1412249840 9886406656
1412250150 9886410752
1412250460 9886410752
1412250770 9886410752
1412251080 9886410752
1412251391 9886414848
1412251701 9886414848
1412252011 9886418944
1412252321 9886418944
1412252631 9886423040
1412252941 9886423040
1412253251 9886427136
1412253561 9886427136
1412253871 9886427136
1412254181 9886427136
1412256835 10094630912
1412257144 10096523264
1412257454 10096531456
1412257764 10096531456
1412258074 10096531456
1412258384 10096531456
1412258694 10096539648
1412258994 10096539648
1412259304 10096539648
1412259614 10096543744
1412259924 10096543744
1412260234 10096547840
1412260534 10096547840
1412260844 10096551936
1412261154 10096556032
1412261464 10096560128
1412261774 10096560128
1412262084 10096564224
1412262394 10096564224
1412262704 10096564224
1412263014 10096564224
1412263324 10096572416
1412263634 10096572416
1412263944 10096576512
1412264254 10096576512
1412264564 10096580608
1412264875 10096580608
1412265184 10096580608
1412265495 10096580608
1412265805 10096584704
1412266115 10096584704
1412266425 10096592896
1412266735 10096592896
1412267045 10096592896
1412267355 10096592896
1412267665 10096601088
1412267975 10096601088
1412268285 10096605184
1412268913 10284132352
1412269223 10286041088
1412269533 10286041088
1412269843 10286049280
1412270153 10286049280
1412270463 10286049280
1412270773 10286049280
1412271083 10286065664
1412271393 10286110720
1412271693 10286114816
1412272003 10286114816
1412272313 10286118912
1412272623 10285783040
1412272933 10285787136
1412273243 10285787136
1412273553 10285791232
1412273864 10285791232
1412274173 10285795328
1412274484 10285795328
1412274793 10285795328
1412275104 10285799424
1412275414 10285799424
1412275724 10285799424
1412276034 10285807616
1412276344 10285824000
1412276654 10285836288
1412276964 10433742848
1412277274 10434275328
1412277584 10434291712
1412277894 10434721792
1412278204 10439907328
1412278514 10439948288
1412278825 10439956480
1412279135 10439956480
1412279445 10439956480
1412279754 10439960576
1412280065 10439964672
1412280375 10439964672
1412280685 10439968768
1412280995 10439968768
1412281305 10439968768
1412281615 10439968768
1412281925 10439976960
1412282235 10439976960
1412282545 10439976960
1412282855 10439976960
1412283165 10439976960
1412283465 10439972864
1412283775 10439981056
1412284085 10439981056
1412284395 10439989248
1412284705 10439989248
1412285007 10439997440
1412285317 10439997440
1412285627 10440001536
1412285937 10440001536
1412286247 10440001536
1412286547 10440001536
1412286857 10440009728
1412287167 10440009728
1412287477 10440009728
1412287787 10440009728
1412288097 10440017920
1412288407 10440017920
1412288717 10440017920
1412289028 10440017920
1412289338 10440017920
1412289647 10440026112
1412289958 10440026112
1412290268 10440026112
1412290578 10440026112
1412290888 10440030208
1412291198 10440030208
1412291508 10440034304
1412291818 10440034304
1412292128 10440034304
1412292438 10440034304
1412292748 10440038400
1412293048 10440038400
1412293358 10440042496
1412293668 10440042496
1412293978 10440042496
1412294288 10440042496
1412294598 10440050688
1412294908 10440050688
1412295219 10440050688
1412295528 10440050688
1412295838 10440054784
1412296149 10440054784
1412296459 10440058880
1412296769 10440062976
1412297079 10440062976
1412297389 10440062976
1412297699 10440071168
1412298009 10440075264
1412298319 10440075264
1412298629 10440079360
1412298939 10440079360
1412299249 10440083456
1412299549 10440083456
1412299859 10440083456
1412300169 10440083456
1412300479 10440087552
1412300790 10440091648
1412301099 10440091648
1412301409 10440091648
1412301719 10440099840
1412302030 10440099840
1412302340 10440099840
1412302650 10440099840
1412302960 10440103936
1412303270 10440103936
1412303580 10440108032
1412303890 10440108032
1412304200 10440108032
1412304510 10440108032
1412304820 10440112128
1412305130 10440112128
1412305440 10440116224
1412305740 10440116224
1412306050 10440120320
1412306360 10440120320
1412306670 10440124416
1412306980 10440124416
1412307290 10440124416
1412307600 10440124416
1412307910 10440124416
1412308221 10440132608
1412308531 10440394752
1412308841 10440398848
1412309151 10440415232
1412309461 10440415232
1412309765 10440415232
1412310076 10440423424
1412310386 10440423424
1412310696 10440427520
1412311006 10440427520
1412311316 10440431616
1412311626 10440431616
1412311936 10440431616
1412312236 10440431616
1412312546 10440435712
1412312856 10440435712
1412313166 10440439808
1412313476 10440439808
1412313786 10440443904
1412314096 10440443904
1412314406 10440443904
1412314717 10440443904
1412315027 10440448000
1412315337 10440448000
1412315647 10440448000
1412315955 10440448000
1412316266 10440456192
1412316576 10440456192
1412316886 10440456192
1412317196 10440456192
1412317506 10440460288
1412317816 10440497152
1412318126 10440517632
1412318436 10440517632
1412318746 10440521728
1412319046 10440529920
1412319356 10440529920
1412319666 10440529920
1412319976 10440529920
1412320286 10440534016
1412320596 10440534016
1412320906 10440538112
1412321216 10440538112
1412321526 10440538112
1412321837 10440538112
1412322146 10440542208
1412322457 10440542208
1412322767 10440546304
1412323077 10440546304
1412323387 10440865792
1412323697 10441050112
1412324007 10441054208
1412324317 10441041920
1412324627 10441041920
1412324937 10441041920
1412325247 10441050112
1412325557 10441050112
1412325857 10441054208
1412326167 10441054208
1412326477 10441054208
1412326787 10441099264
1412327097 10441111552
1412327407 10441111552
1412327717 10441111552
1412328027 10441115648
1412328338 10441115648
1412328647 10441119744
1412328957 10441119744
1412329268 10441119744
1412329578 10441119744
1412329888 10441123840
1412330198 10441123840
1412330508 10441127936
1412330818 10441127936
1412331128 10441127936
1412331438 10441127936
1412331748 10441136128
1412332055 10441136128
1412332366 10441136128
1412332676 10441136128
1412332986 10441140224
1412333296 10441140224
1412333606 10441144320
1412333916 10441144320
1412334226 10441148416
1412334536 10441148416
1412334846 10441156608
1412335156 10441156608
1412335466 10441156608
1412335776 10441156608
1412336086 10441160704
1412336386 10441160704
1412336696 10441164800
1412337006 10441168896
1412337316 10441168896
1412337626 10441172992
1412337936 10441181184
1412338247 10441185280
1412338556 10441193472
1412338867 10441193472
1412339176 10441193472
1412339487 10441197568
1412339797 10441197568
1412340107 10441201664
1412340417 10441201664
1412340727 10441205760
1412341037 10441205760
1412341347 10441209856
1412341657 10441209856
1412341967 10441209856
1412342277 10441209856
1412342587 10441213952
1412342897 10441213952
1412343197 10441218048
1412343507 10441218048
1412343817 10441222144
1412344127 10441222144
1412344437 10441222144
1412344748 10441222144
1412345057 10441226240
1412345368 10441226240
1412345678 10441230336
1412345988 10441234432
1412346298 10441234432
1412346608 10441242624
1412346918 10441242624
1412347228 10441242624
1412347538 10441242624
1412347848 10441242624
1412348158 10441242624
1412348468 10441250816
1412348778 10441250816
1412349088 10441250816
1412349388 10441250816
1412349698 10441259008
1412350008 10441259008
1412350318 10441259008
1412350628 10441259008
1412350938 10441259008
1412351248 10441259008
1412351559 10441267200
1412351868 10441271296
1412352179 10441271296
1412352489 10441271296
1412352799 10441271296
1412353109 10441271296
1412353419 10441279488
1412353729 10441279488
1412354039 10441279488
1412354349 10441279488
1412354659 10441283584
1412354963 10441283584
1412355273 10441295872
1412355582 10441295872
1412355892 10441910272
1412356202 10441918464
1412356512 10441918464
1412356822 10441918464
1412357132 10441918464
1412357432 10441922560
1412357742 10441922560
1412358052 10441930752
1412358362 10441930752
1412358672 10441930752
1412358982 10441930752
1412359292 10441934848
1412359602 10441934848
1412359913 10441938944
1412360222 10441938944
1412360533 10441947136
1412360842 10441947136
1412361152 10441947136
1412361463 10441947136
1412361773 10441951232
1412362083 10441951232
1412362393 10441955328
1412362703 10441955328
1412363013 10441959424
1412363323 10441959424
1412363633 10441959424
1412363943 10441959424
1412364253 10441963520
1412364563 10441963520
1412364863 10441967616
1412365173 10441967616
1412365483 10441971712
1412365793 10441971712
1412366103 10441971712
1412366413 10441975808
1412366723 10441975808
1412367034 10441979904
1412367343 10441979904
1412367654 10441979904
1412367963 10441979904
1412368274 10441988096
1412368584 10441988096
1412368894 10441988096
1412369204 10441988096
1412369514 10441988096
1412369824 10441988096
1412370134 10441996288
1412370444 10441996288
1412370754 10441996288
1412371064 10442004480
1412371374 10442012672
1412371684 10442012672
1412371994 10442012672
1412372294 10442012672
1412372604 10442012672
1412372914 10442012672
1412373224 10442020864
1412373534 10442020864
1412373844 10442020864
1412374154 10442024960
1412374464 10442033152
1412374775 10442033152
1412375085 10442033152
1412375395 10442033152
1412375705 10442033152
1412376015 10442041344
1412376325 10442041344
1412376635 10442041344
1412376935 10442041344
1412377245 10442041344
1412377555 10442045440
1412377865 10442049536
1412378175 10442049536
1412378486 10442049536
1412378796 10442049536
1412379098 10442061824
1412379408 10442061824
1412379708 10442061824
1412380018 10442061824
1412380328 10442061824
1412380638 10442061824
1412380948 10442070016
1412381258 10442070016
1412381569 10442070016
1412381878 10442070016
1412382189 10442074112
1412382498 10442074112
1412382809 10442078208
1412383119 10442078208
1412383429 10442078208
1412383739 10442078208
1412384049 10442082304
1412384359 10442082304
1412384669 10442086400
1412384979 10442086400
1412385289 10442090496
1412385599 10442090496
1412385909 10442094592
1412386219 10442094592
1412386519 10442094592
1412386829 10442102784
1412387139 10442102784
1412387449 10442106880
1412387759 10442106880
1412388069 10442110976
1412388379 10442123264
1412388690 10442123264
1412388999 10442131456
1412389310 10442196992
1412389620 10442196992
1412389929 10442205184
1412390239 10442205184
1412390550 10442205184
1412390860 10442205184
1412391170 10442205184
1412391480 10442205184
1412391790 10442213376
1412392100 10442213376
1412392410 10442213376
1412392720 10442213376
1412393030 10442221568
1412393330 10442221568
1412393641 10442221568
1412393950 10353858560
1412394260 10353862656
1412394570 10353944576
1412394881 10363234304
1412395193 10363652096
1412395501 10394855424
1412395811 10439415808
1412396119 10439948288
1412396424 10439530496
1412396733 10439628800
1412397043 10439636992
1412397353 10439669760
1412397663 10439673856
1412397973 10439706624
1412398283 10439870464
1412398593 10439870464
1412398903 10439907328
1412399203 10439907328
1412399513 10439944192
1412399823 10440148992
1412400133 10440185856
1412400443 10440218624
1412400753 10440218624
1412401056 10440251392
1412401366 10440255488
1412401676 10440288256
1412401976 10440423424
1412402286 10440456192
1412402596 10440493056
1412402906 10440497152
1412403216 10440005632
1412403526 10440005632
1412403837 10440071168
1412404147 10440071168
1412404457 10440108032
1412404767 10440140800
1412405077 10440144896
1412405387 10440210432
1412405697 10440214528
1412406007 10440247296
1412406317 10440251392
1412406627 10440284160
1412406937 10440316928
1412407247 10440357888
1412407547 10440390656
1412407857 10440390656
1412408167 10440423424
1412408477 10440431616
1412408788 10440464384
1412409097 10440525824
1412409407 10440525824
1412409718 10440562688
1412410028 10440640512
1412410338 10440673280
1412410648 10440673280
1412410958 10440751104
1412411268 10440783872
1412411578 10440800256
1412411888 10440333312
1412412198 10440337408
1412412508 10440407040
1412412818 10440407040
1412413119 10440439808
1412413428 10440484864
1412413738 10440484864
1412414049 10440517632
1412414359 10440550400
1412414669 10440587264
1412414979 10440587264
1412415289 10440624128
1412415599 10440656896
1412415909 10440685568
1412416219 10440726528
1412416529 10440726528
1412416839 10440759296
1412417149 10440759296
1412417459 10440796160
1412417769 10440828928
1412418069 10440857600
1412418379 10440898560
1412418689 10440898560
1412418999 10440931328
1412419309 10440939520
1412419619 10440964096
1412419929 10440996864
1412420239 10440996864
1412420550 10440501248
1412420860 10440501248
1412421169 10440546304
1412421471 10440554496
1412421781 10440620032
1412422091 10440652800
1412422401 10440660992
1412422711 10440693760
1412423021 10440693760
1412423331 10440726528
1412423641 10440759296
1412423951 10440759296
1412424261 10440800256
1412424571 10440800256
1412424881 10440833024
1412425181 10440833024
1412425491 10440869888
1412425801 10440906752
1412426111 10440906752
1412426421 10440939520
1412426731 10440939520
1412427041 10440976384
1412427351 10440976384
1412427662 10441013248
1412427971 10441046016
1412428282 10441046016
1412428592 10441095168
1412428903 10441164800
1412429213 10806564864
1412429522 11006780416
1412429832 10733655040
1412430142 10733683712
1412430452 10733708288
1412430762 10733769728
1412431072 10733769728
1412431382 10733777920
1412431692 10733777920
1412432002 10733782016
1412432302 10733782016
1412432612 10733782016
1412432922 10733782016
1412433232 10733790208
1412433542 10733790208
1412433852 10733790208
1412434162 10733794304
1412434472 10733794304
1412434783 10733544448
1412435093 10733560832
1412435403 10733564928
1412435712 10733569024
1412436023 10733581312
1412436333 10733581312
1412436643 10733581312
1412436953 10733573120
1412437263 10733573120
1412437573 10733577216
1412437883 10732745728
1412438193 10732758016
1412438503 10729628672
1412438813 10743952384
1412439123 10743968768
1412439423 10744640512
1412439733 10744656896
1412440043 10744656896
1412440353 10744656896
1412440664 10744656896
1412440974 10744660992
1412441283 10744660992
1412441594 10744665088
1412441903 10744665088
1412442214 10744665088
1412442524 10744665088
1412442834 10744673280
1412443144 10744673280
1412443454 10744673280
1412443764 10744673280
1412444074 10744677376
1412444384 10744677376
1412444686 10744677376
1412444996 10744677376
1412445306 10744681472
1412445617 10744693760
1412445926 10744693760
1412446237 10744697856
1412446546 10744697856
1412446857 10744701952
1412447166 10744701952
1412447477 10744701952
1412447787 10744701952
1412448097 10744706048
1412448407 10744706048
1412448717 10744710144
1412449027 10744710144
1412449337 10744714240
1412449647 10744714240
1412449957 10744714240
1412450267 10744714240
1412450577 10744718336
1412450887 10744718336
1412451197 10744722432
1412451507 10744722432
1412451817 10744726528
1412452127 10744726528
1412452437 10744726528
1412452747 10744726528
1412453057 10744730624
1412453367 10744730624
1412453677 10744734720
1412453977 10744734720
1412454287 10744734720
1412454597 10744734720
1412454907 10745574400
1412455217 10745598976
1412455527 10745611264
1412455837 10745615360
1412456147 10745623552
1412456457 10745627648
1412456768 10745627648
1412457077 10745631744
1412457388 10745631744
1412457698 10745635840
1412458008 10745635840
1412458318 10745635840
1412458628 10745635840
1412458938 10745635840
1412459248 10745635840
1412459558 10745644032
1412459868 10745648128
1412460178 10745648128
1412460488 10745648128
1412460798 10745656320
1412461108 10745656320
1412461418 10745656320
1412462077 10678735872
1412462387 10682917888
1412462697 10682913792
1412463007 10682930176
1412463317 10682930176
1412463627 10682958848
1412463937 10693669888
1412464248 10695451648
1412464557 10698855424
1412464867 10696930304
1412465177 10696930304
1412465487 10696930304
1412465797 10696930304
1412466097 10696979456
1412466407 10696979456
1412466717 10696983552
1412467027 10696983552
1412467337 10696987648
1412467647 10696987648
1412467957 10697004032
1412468259 10697004032
1412468569 10697004032
1412468879 10697004032
1412469190 10697008128
1412469499 10697008128
1412469810 10697012224
1412470120 10697012224
1412470429 10697012224
1412470740 10697012224
1412471050 10697016320
1412471360 10697016320
1412471670 10697020416
1412471980 10697020416
1412472290 10697024512
1412472600 10697024512
1412472910 10697024512
1412473220 10697028608
1412473530 10697028608
1412473840 10697032704
1412474150 10697032704
1412474460 10697036800
1412474770 10697036800
1412475080 10697044992
1412475390 10697044992
1412475700 10697044992
1412476010 10697044992
1412476310 10697049088
1412476620 10697049088
1412476930 10697053184
1412477240 10697053184
1412477550 10697053184
1412477860 10697053184
1412478170 10697061376
1412478481 10697061376
1412478790 10697061376
1412479101 10697069568
1412479410 10697069568
1412479721 10697069568
1412480031 10697077760
1412480340 10697077760
1412480651 10697077760
1412480961 10697077760
1412481271 10697352192
1412481581 10697352192
1412481891 10697356288
1412482201 10697360384
1412482511 10697360384
1412482821 10697364480
1412483131 10697364480
1412483441 10697364480
1412483751 10697364480
1412484061 10697368576
1412484371 10697368576
1412484681 10697376768
1412484981 10697376768
1412485291 10697376768
1412485601 10697376768
1412485911 10697384960
1412486221 10697384960
1412486531 10697389056
1412486841 10697389056
1412487151 10697389056
1412487461 10697389056
1412487771 10697397248
1412488077 10697401344
1412488387 10697401344
1412488697 10697401344
1412489007 10697409536
1412489307 10697409536
1412489616 10697409536
1412489926 10697409536
1412490236 10697409536
1412490546 10697413632
1412490856 10697421824
1412491166 10697421824
1412491476 10697421824
1412491787 10697421824
1412492097 10697425920
1412492407 10697425920
1412492717 10697434112
1412493027 10697434112
1412493337 10697434112
1412493647 10697438208
1412493957 10697438208
1412494267 10697442304
1412494577 10697442304
1412494887 10697446400
1412495197 10697446400
1412495507 10697446400
1412495817 10697446400
1412496128 10698368000
1412496437 10698544128
1412496747 10748240896
1412497057 10748236800
1412497367 10746893312
1412497678 10747061248
1412497987 10747536384
1412498297 10748077056
1412498597 10748253184
1412498907 10748253184
1412499217 10748257280
1412499527 10748257280
1412499837 10748273664
1412500148 10748273664
1412500458 10748273664
1412500768 10748273664
1412501078 10748273664
1412501388 10748273664
1412501698 10748281856
1412502008 10748281856
1412502318 10748281856
1412502628 10748290048
1412502938 10748290048
1412503248 10748294144
1412503558 10748294144
1412503868 10748294144
1412504178 10748294144
1412504488 10748302336
1412504798 10748302336
1412505108 10748302336
1412505408 10748302336
1412505718 10748306432
1412506028 10748310528
1412506339 10748310528
1412506648 10748310528
1412506958 10748314624
1412507268 10748314624
1412507578 10748318720
1412507888 10748318720
1412508199 10748322816
1412508508 10748322816
1412508819 10748326912
1412509129 10748326912
1412509439 10748326912
1412509749 10748326912
1412510059 10748331008
1412510369 10748331008
1412510679 10748335104
1412510983 10748335104
1412511293 10748339200
1412511603 10748339200
1412511913 10748339200
1412512223 10748343296
1412512523 10748343296
1412512833 10748343296
1412513143 10748343296
1412513453 10748351488
1412513763 10748351488
1412514073 10748351488
1412514383 10748351488
1412514693 10748355584
1412515003 10748355584
1412515313 10748363776
1412515623 10748363776
1412515934 10748363776
1412516243 10748363776
1412516554 10748371968
1412516863 10748371968
1412517174 10748371968
1412517484 10748371968
1412517794 10748376064
1412518104 10748376064
1412518414 10748384256
1412518724 10748384256
1412519034 10748384256
1412519344 10748384256
1412519654 10748392448
1412519964 10748392448
1412520274 10748392448
1412520584 10748392448
1412520894 10748400640
1412521204 10748408832
1412521514 10748408832
1412521824 10748412928
1412522134 10748417024
1412522444 10748421120
1412522744 10783724544
1412523057 10842424320
1412523365 10842727424
1412523674 10843751424
1412523985 10844013568
1412524295 10844017664
1412524605 10844017664
1412524915 10844021760
1412526856 10791220224
1412527167 10793235456
1412527477 10793243648
1412527776 10793243648
1412528087 10793243648
1412528394 10793243648
1412528694 10793247744
1412529004 10793255936
1412529314 10793255936
1412529625 10793255936
1412529935 10793255936
1412530245 10793260032
1412530555 10793260032
1412530865 10793264128
1412531175 10793264128
1412531485 10793264128
1412531795 10793264128
1412532105 10793272320
1412532415 10793272320
1412532725 10814428160
1412533025 10814432256
1412533335 10814456832
1412533645 10814456832
1412533955 10814460928
1412534265 10813907968
1412534575 10813916160
1412534885 10813948928
1412535196 10813957120
1412535505 10814157824
1412535816 10814157824
1412536126 10814190592
1412536435 10814268416
1412536746 10831815680
1412537056 10831819776
1412537366 10831819776
1412537676 10831823872
1412537986 10831823872
1412538296 10831827968
1412538606 10831827968
1412538907 10831827968
1412539218 10831836160
1412539528 10831836160
1412539837 10831840256
1412540147 10831840256
1412540458 10831840256
1412540760 10831840256
1412541070 10831852544
1412541380 10831856640
1412541680 10831856640
1412541990 10831856640
1412542300 10831860736
1412542610 10831860736
1412542920 10831864832
1412543230 10831864832
1412543540 10831868928
1412543850 10831868928
1412544160 10831873024
1412544470 10831868928
1412544781 10831868928
1412545090 10831868928
1412545401 10832421888
1412545711 10832421888
1412546021 10832425984
1412546331 10832425984
1412546641 10832434176
1412546951 10832434176
1412547261 10832438272
1412547571 10832446464
1412547881 10832450560
1412548191 10832450560
1412548494 10832454656
1412548801 10832471040
1412549111 10832471040
1412549414 10832471040
1412549724 10832471040
1412550034 10832475136
1412550344 10832475136
1412550646 10832479232
1412550956 10832479232
1412551259 10832483328
1412551569 10832483328
1412551879 10832487424
1412552179 10832663552
1412552489 10832950272
1412552799 10833126400
1412553110 10833126400
1412553420 10833126400
1412553730 10833134592
1412554040 10833134592
1412554350 10833134592
1412554660 10833134592
1412554970 10833138688
1412555270 10833138688
1412555581 10833142784
1412555891 10833159168
1412556201 10833159168
1412556511 10833159168
1412556821 10833163264
1412557131 10833163264
1412557441 10833167360
1412557751 10833167360
1412558061 10833167360
1412558371 10833167360
1412558681 10833175552
1412558981 10833175552
1412559291 10833175552
1412559601 10833179648
1412559911 10833179648
1412560221 10833183744
1412560531 10833183744
1412560842 10833196032
1412561151 10833196032
1412561462 10833200128
1412561772 10833200128
1412562082 10833204224
1412562392 10833204224
1412562702 10833208320
1412563012 10833208320
1412563322 10833208320
1412563632 10833208320
1412563942 10833212416
1412564252 10833245184
1412564914 10831467520
1412565223 10833298432
1412565533 10833306624
1412565844 10833310720
1412566153 10833310720
1412566463 10833314816
1412566774 10833314816
1412567084 10833314816
1412567394 10833314816
1412567705 10833650688
1412568014 10833654784
1412568315 10833658880
1412568624 10833658880
1412568935 10833748992
1412569245 10833753088
1412569553 10833761280
1412569863 10833761280
1412570173 10833761280
1412570483 10833765376
1412570793 10833765376
1412571103 10833769472
1412571414 10833769472
1412571723 10833769472
1412572033 10833769472
1412572344 10833089536
1412572654 10833089536
1412572964 10833089536
1412573274 10833089536
1412573584 10833089536
1412573894 10833089536
1412574204 10833097728
1412574514 10833097728
1412574824 10833097728
1412575134 10833097728
1412575444 10833101824
1412575754 10833101824
1412576064 10833105920
1412576374 10833105920
1412576684 10833105920
1412576994 10833105920
1412577304 10833110016
1412577604 10833114112
1412577914 10833114112
1412578224 10833118208
1412578534 10833118208
1412578844 10833134592
1412579149 10833138688
1412579459 10833138688
1412579770 10833081344
1412580079 10833007616
1412580390 10833011712
1412580700 10833011712
1412581010 10833015808
1412581320 10833019904
1412581630 10833269760
1412581940 10837263360
1412582250 10837292032
1412586528 10832016384
1412586827 10833855488
1412587137 10833855488
1412587447 10833859584
1412587757 10833859584
1412588068 10833863680
1412588377 10833863680
1412588688 10833863680
1412588998 10834392064
1412589308 10834396160
1412589618 10834404352
1412589928 10834404352
1412590238 10834408448
1412590548 10834457600
1412590858 10836202496
1412591168 10836202496
1412591468 10836202496
1412591778 10836202496
1412592088 10836202496
1412592398 10836202496
1412592708 10836210688
1412593018 10836210688
1412593328 10836210688
1412593638 10836210688
1412593948 10836218880
1412594258 10836218880
1412594569 10836218880
1412594879 10836218880
1412595189 10836218880
1412595499 10836218880
1412595809 10836227072
1412596119 10836227072
1412596429 10836227072
1412596739 10836227072
1412597049 10836231168
1412597359 10836231168
1412597669 10836235264
1412597979 10836235264
1412598289 10836235264
1412598599 10836235264
1412598899 10836268032
1412599209 10836317184
1412599519 10836337664
1412599829 10836337664
1412600139 10836366336
1412600450 10840843264
1412600759 10841150464
1412601069 10841191424
1412601378 10841277440
1412601688 10841281536
1412601998 10840785920
1412602308 10840818688
1412602618 10840855552
1412602928 10840892416
1412603238 10840892416
1412603548 10840962048
1412603858 10840962048
1412604168 10840986624
1412604478 10841019392
1412604788 10841056256
1412605098 10841089024
1412605408 10841121792
1412605718 10841162752
1412606028 10841162752
1412606338 10841228288
1412606648 10841236480
1412606948 10841269248
1412607258 10841302016
1412607568 10841334784
1412607878 10841371648
1412608188 10841388032
1412608498 10841457664
1412608808 10841465856
1412609118 10841498624
1412609423 10841568256
1412609733 10841568256
1412610043 10841232384
1412610353 10841019392
1412610660 10840531968
1412610971 10840531968
1412611280 10840617984
1412611590 10840650752
1412611900 10840650752
1412612210 10840683520
1412612521 10840720384
1412612830 10840753152
1412613141 10840757248
1412613451 10840822784
1412613761 10840855552
1412614071 10840855552
1412614381 10840892416
1412614691 10840896512
1412615001 10840933376
1412615311 10840933376
1412615621 10840970240
1412615931 10841003008
1412616241 10841007104
1412616551 10841039872
1412616861 10841039872
1412617171 10841072640
1412617481 10841109504
1412617791 10841109504
1412618101 10841142272
1412618411 10841150464
1412618721 10841183232
1412619031 10841183232
1412619341 10840687616
1412619651 10840728576
1412619961 10840728576
1412620271 10840769536
1412620571 10840769536
1412620881 10840802304
1412621191 10840802304
1412621501 10840839168
1412621811 10840871936
1412622121 10840876032
1412622431 10840908800
1412622741 10840912896
1412623051 10840945664
1412623361 10840949760
1412623671 10840982528
1412623982 10841015296
1412624291 10841015296
1412624601 10841048064
1412624912 10841048064
1412625222 10841089024
1412625532 10841089024
1412625842 10841125888
1412626152 10841158656
1412626462 10841170944
1412626772 10841203712
1412627082 10841203712
1412627392 10841236480
1412627702 10841236480
1412628012 10840749056
1412628322 10840785920
1412628632 10840785920
1412628942 10840818688
1412629252 10841498624
1412629559 10841535488
1412629869 10841535488
1412630179 10841568256
1412630489 10841601024
1412630799 10841601024
1412631109 10841646080
1412631419 10841646080
1412631729 10841678848
1412632039 10841678848
1412632350 10841728000
1412632659 10841760768
1412632970 10841764864
1412633280 10841797632
1412633590 10841797632
1412633899 10841830400
1412634210 10841838592
1412634520 10841871360
1412634830 10841908224
1412635140 10841908224
1412635450 10841940992
1412635760 10841940992
1412636070 10841986048
1412636380 10841986048
1412636690 10841494528
1412637000 10841535488
1412637310 10841543680
1412637620 10841576448
1412637930 10841576448
1412638240 10841609216
1412638550 10841641984
1412638860 10841646080
1412639170 10841678848
1412639480 10841687040
1412639790 10841719808
1412640100 10841723904
1412640410 10841756672
1412640720 10841793536
1412641030 10841793536
1412641340 10841826304
1412641640 10841826304
1412641950 10841863168
1412642260 10841863168
1412642570 10841900032
1412642880 10841932800
1412643190 10841936896
1412643500 10841969664
1412643810 10841977856
1412644121 10842014720
1412644431 10842010624
1412644741 10842043392
1412645051 10841555968
1412645361 10841555968
1412645671 10841592832
1412645981 10841592832
1412646291 10841625600
1412646601 10841629696
1412646911 10841662464
1412647221 10841699328
1412647531 10841699328
1412647841 10841736192
1412648151 10841736192
1412648461 10841773056
1412648765 10841773056
1412649075 10841805824
1412649385 10841838592
1412649695 10841842688
1412650005 10841875456
1412650315 10841879552
1412650625 10841912320
1412650935 10841916416
1412651245 10841949184
1412651555 10841986048
1412651865 10841986048
1412652176 10842018816
1412652486 10842018816
1412652796 10842055680
1412653106 10842055680
1412653416 10842092544
1412653726 10841596928
1412654036 10841531392
1412654346 10841568256
1412654656 10841576448
1412654966 10841609216
1412655276 10841609216
1412655586 10841641984
1412655896 10841687040
1412656206 10841687040
1412656516 10841719808
1412656826 10841723904
1412657136 10841764864
1412657446 10841797632
1412657756 10841797632
1412658066 10841838592
1412658376 10841838592
1412658676 10841875456
1412658986 10841875456
1412659296 10841908224
1412659606 10841940992
1412659916 10841949184
1412660226 10841981952
1412660536 10841986048
1412660847 10842084352
1412661155 10861769728
1412661465 10861818880
1412661775 10861868032
1412662085 10861868032
1412662396 10861376512
1412662706 10861376512
1412663016 10861413376
1412663326 10861413376
1412663636 10861462528
1412663946 10861495296
1412664254 10861495296
1412664564 10861528064
1412664874 10861532160
1412665184 10861564928
1412665494 10861569024
1412665804 10861601792
1412666114 10861835264
1412666424 10861839360
1412666734 10861872128
1412667044 10861876224
1412667344 10861908992
1412667654 10861913088
1412667964 10861417472
1412668274 10861458432
1412668584 10861458432
1412668894 10861491200
1412669205 10861532160
1412669514 10861569024
1412669825 10861569024
1412670135 10861601792
1412670444 10861634560
1412670755 10861638656
1412671065 10861671424
1412671375 10861675520
1412671685 10861708288
1412671995 10861708288
1412672305 10861741056
1412672615 10861786112
1412672925 10861794304
1412673235 10861868032
1412673545 10861868032
1412673855 10861900800
1412674165 10861900800
1412674475 10861941760
1412674785 10861974528
1412675085 10861974528
1412675395 10862007296
1412675706 10862011392
1412676015 10862048256
1412676325 10862052352
1412676635 10861560832
1412676945 10861597696
1412677256 10865308672
1412677567 10856354816
1412677867 10856625152
1412678176 10837029888
1412678486 10837136384
1412678794 10845651968
1412679095 10839319552
1412679400 10839331840
1412679710 10839340032
1412680020 10839340032
1412680320 10840691712
1412680630 10840691712
1412680940 10840691712
1412681250 10840691712
1412681560 10840704000
1412681870 10840704000
1412682181 10840704000
1412682491 10840704000
1412682801 10840704000
1412683111 10840704000
1412683421 10840712192
1412683731 10840712192
1412684041 10840716288
1412684351 10840716288
1412684661 10840716288
1412684971 10840716288
1412685281 10840724480
1412685591 10840724480
1412685901 10840728576
1412686211 10840736768
1412686521 10840740864
1412686831 10840744960
1412687141 10840744960
1412687441 10840749056
1412687751 10840749056
1412688061 10840753152
1412688371 10840753152
1412688681 10840753152
1412688991 10840757248
1412689301 10840773632
1414614603 10840826880
1414614903 10841375744
1414615209 10841404416
1414615519 10841404416
1414615829 10913625088
1414616139 10913682432
1414616439 10914677760
1414616744 10914710528
1414617054 10914780160
1414617365 10971227136
1414617674 10971284480
1414617984 10971321344
1414618284 10971358208
1414618595 10971358208
1414618905 10971390976
1414619215 10971460608
1414619525 10970969088
1414619835 10970969088
1414620136 10971014144
1414620446 10971046912
1414620746 10971055104
1414621056 10971083776
1414621366 10971083776
1414621676 10971120640
1414621986 10969674752
1414622296 10969707520
1414622606 10969748480
1414622916 10973008896
1414623226 10969785344
1414623536 10969785344
1414623847 10969826304
1414624155 10969875456
1414624465 10969908224
1414624775 10969945088
1414625085 10969945088
1414625395 10969981952
1414625705 10969986048
1414626015 10970022912
1414626325 10970027008
1414626635 10970072064
1414626945 10970104832
1414627255 10970108928
1414627555 10970145792
1414627865 10970153984
1414628175 10969674752
1414628485 10969728000
1414628795 10969773056
1414629105 10969936896
1414629416 10969936896
1414629726 10969969664
1414630035 10969969664
1414630346 10970096640
1414630656 10970096640
1414630966 10970133504
1414631276 10970170368
1414631586 10970174464
1414631896 10970207232
1414632206 10968417280
1414632516 10968417280
1414632826 10968421376
1414633136 10968421376
1414633446 10968425472
1414633746 10968433664
1414634056 10968437760
1414634366 10968437760
1414634676 10968441856
1414634987 10968441856
1414635297 10968441856
1414635604 10968450048
1414635915 10968454144
1414636224 10968462336
1414636535 10968486912
1414636845 10968704000
1414637155 10968704000
1414637465 10968712192
1414637775 10968712192
1414638085 10968716288
1414638399 11978544128
1414638706 12894663680
1414639015 12894659584
1414639325 12894663680
1414639635 12894663680
1414639945 12866417664
1414640255 12866417664
1414640555 12866421760
1414640865 12866425856
1414641175 12866438144
1414641486 12863456256
1414641786 12863497216
1414642096 12863505408
1414642406 12863525888
1414642717 12863546368
1414643026 12863550464
1414643336 12863550464
1414643873 12857332736
1414644183 12859171840
1414644493 12880798720
1414644803 12889535488
1414645113 12889601024
1414645423 12889609216
1414645733 12889609216
1414646043 12889613312
1414646353 12889609216
1414646653 12889654272
1414646963 12889687040
1414647273 12891624448
1414647583 12892152832
1414647894 12885550080
1414648204 12829406208
1414648514 12829631488
1414648824 12829623296
1414649134 12830073856
1414649444 12830266368
1414649754 12830295040
1414650305 12818387968
1414650614 12820263936
1414650924 12820263936
1414651235 12820268032
1414651545 12820268032
1414651855 12820276224
1414652165 12820276224
1414652475 12820280320
1414652778 12820288512
1414653088 12820296704
1414653398 12820296704
1414653708 12820300800
1414654008 12820304896
1414654318 12820304896
1414654628 12820308992
1414654938 12820308992
1414655248 12820308992
1414655558 12820317184
1414655868 12820317184
1414656179 12820374528
1414656489 12820341760
1414656799 12820341760
1414657108 12820345856
1414657419 12820345856
1414657729 12820345856
1414658039 12820349952
1414658349 12820349952
1414658659 12820358144
1414658969 12820358144
1414659279 12820362240
1414659589 12820366336
1414659899 12820407296
1414660209 12820407296
1414660519 12820407296
1414660821 12874744832
1414661124 12875256832
1414661433 12875297792
1414661744 12875297792
1414662054 12875330560
1414662364 12875330560
1414662674 12875363328
1414662984 12875400192
1414663294 12875441152
1414663604 12877566976
1414663914 12877046784
1414664224 12877083648
1414664534 12877091840
1414664844 12878054400
1414665154 12942042112
1414665464 12941370368
1414665774 12941378560
1414666084 12941378560
1414666394 12941386752
1414666704 12941386752
1414667004 12941390848
1414667314 12941390848
1414667624 12941399040
1414667934 12941399040
1414668244 12941399040
1414668555 12941399040
1414668865 12941440000
1414669168 12941448192
1414669478 12941452288
1414669788 12941452288
1414670098 12941452288
1414670408 12941456384
1414670718 12941460480
1414671029 12941460480
1414671338 12941460480
1414671649 12941460480
1414671959 12941460480
1414672269 12941468672
1414672579 12941468672
1414672889 12941468672
1414673199 12941472768
1414673509 12941472768
1414673819 12941472768
1414674129 12941485056
1414674439 12941485056
1414674749 12941485056
1414675059 12941485056
1414675369 12941493248
1414675679 12941493248
1414675989 12941493248
1414676299 12941493248
1414676609 12941493248
1414676909 12941497344
1414677219 12941505536
1414677529 12941505536
1414677839 12941534208
1414678149 12941534208
1414678459 12941542400
1414678770 12941542400
1414679079 12941542400
1414679389 12941558784
1414679699 12941558784
1414680009 12941566976
1414680320 12941566976
1414680630 12941566976
1414680940 12941566976
1414681250 12941571072
1414681560 12941575168
1414681870 12941575168
1414682180 12941575168
1414682490 12941575168
1414682800 12941575168
1414683110 12941579264
1414683420 12941579264
1414683721 12941583360
1414684030 12941583360
1414684340 12941587456
1414684650 12941587456
1414684961 12941591552
1414685271 12941591552
1414685572 12941607936
1414685882 12941607936
1414686192 12941616128
1414686502 12941100032
1414686812 12941128704
1414687122 12941128704
1414687433 12941128704
1414687743 12941128704
1414688053 12941136896
1414688363 12941136896
1414688673 12941136896
1414688977 12941136896
1414689287 12941145088
1414689597 12941145088
1414689907 12941153280
1414690217 12941149184
1414690527 12941149184
1414690837 12941157376
1414691147 12941157376
1414691457 12941161472
1414691767 12941161472
1414692077 12941169664
1414692387 12941169664
1414692697 12941169664
1414693007 12941169664
1414693317 12941173760
1414693627 12941173760
1414693937 12941181952
1414694247 12941181952
1414694557 12941186048
1414694868 12941186048
1414695178 12941190144
1414695488 12941190144
1414695798 12941218816
1414696108 12941218816
1414696420 12879426560
1414696719 12879438848
1414697028 12879447040
1414697340 12879549440
1414697646 12879582208
1414697946 12879578112
1414698256 12879582208
1414698567 12879582208
1414698877 12879586304
1414699187 12879586304
1414699497 12879586304
1414699806 12879614976
1414700116 12879623168
1414700426 12879623168
1414700736 12879623168
1414701046 12879627264
1414701356 12879627264
1414701666 12879631360
1414701978 12880159744
1414702286 12880159744
1414702596 12880159744
1414702896 12880167936
1414703206 12880167936
1414703516 12880172032
1414703826 12880180224
1414704136 12880180224
1414704446 12880180224
1414704756 12880217088
1414705067 12880217088
1414705377 12880233472
1414705687 12888077312
1414705997 12909839360
1414706310 12918723584
1414706621 12943406080
1414706915 12943410176
1414707215 12943418368
1414707517 12943430656
1414707817 12943434752
1414708118 12947461120
1414708420 12947465216
1414708722 12947465216
1414709031 12947473408
1414709333 12947473408
1414709633 12947473408
1414709936 12947473408
1414710237 12947477504
1414710539 12947477504
1414710841 12947481600
1414711158 12947481600
1414711444 12947489792
1414711745 12947489792
1414712045 12947502080
1414712347 12947502080
1414712647 12947506176
1414712949 12947506176
1414713259 12947510272
1414713562 12947510272
1414713861 12947543040
1414714162 12947543040
1414714464 12947547136
1414714764 12947547136
1414715065 12947547136
1414715372 12947547136
1414715666 12947551232
1414715976 12947563520
1414716277 12947567616
1414716579 12947567616
1414716879 12947571712
1414717190 12947571712
1414717491 12947575808
1414717801 12947575808
1414718102 12947575808
1414718403 12947579904
1414718727 12947592192
1414719015 12947629056
1414719324 12947629056
1414719634 12947633152
1414719935 12947633152
1414720246 12947633152
1414720546 12947633152
1414720856 12947637248
1414721157 12947637248
1414721467 12947641344
1414721777 12947641344
1414722078 12947641344
1414722394 12947641344
1414722691 12947682304
1414722999 12947682304
1414723300 12947682304
1414723612 12947682304
1414723910 12947686400
1414724221 12947686400
1414724531 12947690496
1414724834 12947706880
1414725142 12947706880
1414725443 12947706880
1414725754 12947706880
1414726065 12947706880
1414726364 12947715072
1414726665 12947715072
1414726975 12947719168
1414727276 12947719168
1414727576 12947723264
1414727887 12947989504
1414728198 12948001792
1414728500 12948009984
1414728799 12948014080
1414729100 12948014080
1414729401 12948018176
1414729705 12948018176
1414730003 12948018176
1414730304 12948018176
1414730605 12948026368
1414730916 12948026368
1414731219 12948026368
1414731528 12948026368
1414731843 12948046848
1414732142 12948059136
1414732446 12948055040
1414733057 12948116480
1414744182 12950508544
1414744488 12951352320
1414744789 12952454144
1414745099 12950500352
1414746379 12950557696
1414746681 12950561792
1414746980 12950561792
1414747292 12950561792
1414747906 12950692864
1414748202 12950688768
1414748512 12950688768
1414748813 12950688768
1414852907 12951741440
1414862305 12951753728
1414862616 12951749632
1414862926 12951749632
1414863236 12951753728
1414863537 12951753728
1414863846 12951753728
1414864156 12951753728
1414864466 12951757824
1414864776 12951757824
1414865076 12951757824
1414865386 12951757824
1414865697 12951753728
1414866007 12951757824
1414866323 12951757824
1414866618 12951761920
1414866927 12951761920
1414867241 12951761920
1415205092 12949525504
1415205393 12951348224
1415205703 13080179712
1415206003 13137826816
1415206314 13140755456
1415206629 13161440256
1415206934 13175440384
1415207244 13175620608
1415207554 13192475648
1415207864 13222278144
1415208164 13340439552
1415208474 13582967808
1415208784 13584663552
1415209095 13585732608
1415209405 13588980736
1415209715 13589308416
1415210025 13589312512
1415210335 13589341184
1415210645 13585347584
1415210955 13585388544
1415211265 13585400832
1415211575 13585441792
1415211885 13585413120
1415212196 13585544192
1415212505 13585515520
1415212815 13585519616
1415213125 13585519616
1415213436 13585675264
1415213738 13728543744
1415214046 13704782848
1415214356 13704786944
1415214666 13704786944
1415214976 13704786944
1415215286 13704795136
1415215596 13704795136
1415215906 13704807424
1415216216 13704807424
1415216526 13704807424
1415216836 13704811520
1415217146 13704819712
1415217456 13704819712
1415217766 13704823808
1415218072 13704832000
1415218382 13704864768
1415218692 13704864768
1415219002 13704872960
1415219312 13704872960
1415219622 13704872960
1415219932 13704872960
1415220242 13704885248
1415220552 13704885248
1415220852 13704885248
1415221163 13704885248
1415221473 13704889344
1415221783 13704889344
1415222093 13704897536
1415222403 13704901632
1415222713 13704901632
1415223023 13704909824
1415223333 13704909824
1415223643 13704913920
1415223953 13704913920
1415224263 13704913920
1415224573 13704913920
1415224883 13704926208
1415225193 13704926208
1415225503 13704930304
1415225817 13705061376
1415226123 13705073664
1415226433 13705073664
1415226733 13705077760
1415227043 13705094144
1415227354 13705094144
1415227663 13705094144
1415227973 13705102336
1415228284 13705102336
1415228594 13705110528
1415228904 13705110528
1415235991 13699314688
1415236289 13705221120
1415236600 13705225216
1415236910 13705233408
1415237220 13705233408
1415237530 13705241600
1415237841 13705241600
1415238151 13705245696
1415238456 13705262080
1415238767 13705270272
1415239077 13705270272
1415239386 13705274368
1415239696 13705274368
1415240007 13705278464
1415240316 13705282560
1415240627 13705290752
1415240937 13705290752
1415241247 13705294848
1415241557 13705298944
1415241867 13705307136
1415242177 13705307136
1415242487 13705307136
1415242797 13705307136
1415243107 13705311232
1415243407 13705319424
1415243717 13705319424
1415244027 13705323520
1415244337 13705323520
1415244647 13705319424
1415244957 13705319424
1415245267 13705327616
1415245577 13705327616
1415245888 13705331712
1415246198 13705331712
1415246508 13705339904
1415246817 13705348096
1415247128 13705921536
1415247438 13705921536
1415247748 13705925632
1415248058 13705925632
1415248368 13705933824
1415248678 13705933824
1415248989 13705929728
1415249288 13705929728
1415249598 13706064896
1415249908 13706060800
1415250219 13706109952
1415250529 13706118144
1415250839 13706122240
1415251149 13706130432
1415251460 13706142720
1415251760 13706155008
1415252070 13706163200
1415252380 13706167296
1415252690 13716390912
1415253000 13741376512
1415253310 13766226944
1415253620 13791417344
1415253930 13815919616
1415254230 13839590400
1415254541 13866546176
1415254850 13874082816
1415255160 13874082816
1415255470 13874082816
1415255781 13874086912
1415256091 13874099200
1415256401 13874099200
1415256711 13874103296
1415257023 13874152448
1415407989 13868364800
1415408297 13870191616
1415408607 13874209792
1415408917 13874213888
1415409227 13874213888
1415409537 13874213888
1415409847 13874222080
1415410157 13874222080
1415410468 13874226176
1415410777 13874226176
1415411088 13874238464
1415411397 13874238464
1415411707 13874246656
1415412017 13874328576
1415412328 13879440384
1415412638 13879743488
1415412948 13880402944
1415413258 13880992768
1415413568 13881050112
1415413878 13881058304
1415414188 13881058304
1415414498 13881062400
1415414808 13881074688
1415415108 13881074688
1415415418 13881078784
1415415728 13881091072
1415416038 13881091072
1415416348 13881095168
1415416658 13881103360
1415416968 13881103360
1415417278 13881103360
1415417588 13881111552
1415417898 13881111552
1415418208 13881115648
1415418518 13881115648
1415418828 13881115648
1415419138 13881115648
1415419448 13881123840
1415419758 13881136128
1415420068 13881140224
1415420378 13881140224
1415420688 13881144320
1415420996 13881164800
1415421306 13881172992
1415421616 13881181184
1415421916 13881181184
1415422226 13881185280
1415422536 13880071168
1415422846 13880108032
1415423156 13880116224
1415423466 13880120320
1415423776 13880120320
1415424086 13880128512
1415424395 13880128512
1415424705 13880128512
1415425015 13880128512
1415425325 13880140800
1415425625 13880140800
1415425935 13880140800
1415426245 13880136704
1415426555 13880140800
1415426865 13880140800
1415427175 13880157184
1415427485 13880157184
1415427795 13880161280
1415428105 13880165376
1415428415 13880169472
1415428725 13880169472
1415429035 13880185856
1415429345 13880185856
1415429655 13880194048
1415429965 13880194048
1415430276 13880206336
1415430586 13880210432
1415430896 13880218624
1415431205 13880226816
1415431516 13880235008
1415431826 13880267776
1415432136 13880271872
1415432446 13880280064
1415432756 13880280064
1415433066 13880288256
1415433376 13880472576
1415433686 13880480768
1415433996 13880484864
1415434306 13880488960
1415434616 13880488960
1415434926 13880497152
1415435226 13880497152
1415435536 13880505344
1415435846 13880509440
1415436156 13880513536
1415436466 13880513536
1415436776 13880517632
1415437086 13880525824
1415437396 13880550400
1415437706 13880554496
1415438016 13880562688
1415438326 13880566784
1415438636 13880570880
1415438947 13880570880
1415439248 13880599552
1415439558 13880603648
1415439869 13880620032
1415440178 13880620032
1415440488 13880624128
1415440798 13880628224
1415441109 13880673280
1415441418 13880681472
1415441728 13883339776
1415442039 13883343872
1415442349 13883347968
1415442659 13883356160
1415442969 13883356160
1415443279 13883360256
1415443589 13883360256
1415443899 13883372544
1415444209 13883401216
1415444519 13883466752
1415444829 13883470848
1415445129 13883474944
1415445439 13883474944
1415445749 13883479040
1415446059 13883479040
1415446369 13883487232
1415446679 13883487232
1415446989 13883495424
1415447299 13883495424
1415447609 13883499520
1415447919 13883499520
1415448229 13883503616
1415448539 13883503616
1415448850 13883511808
1415449160 13883511808
1415449470 13883511808
1415449780 13890089984
1415450090 13902742528
1415450400 13912183808
1415450710 13921461248
1415451020 13930152960
1415451320 13938414592
1415451630 13947122688
1415451940 13956109312
1415452250 13965927424
1415452560 13976425472
1415452870 13988652032
1415453180 14001046528
1415453490 14012720128
1415453800 14024725504
1415454110 14036677632
1415454421 14049571840
1415454730 14062040064
1415455041 14073852928
1415455351 14085391360
1415455661 14098883584
1415455971 14112773120
1415456281 14127342592
1415456591 14143599616
1415456901 14159152128
1415457211 14175622144
1415457511 14189683712
1415457821 14189696000
1415458131 14194963456
1415458441 14206817280
1415458751 14217421824
1415459061 14227186688
1415459371 14236840960
1415459681 14246581248
1415459991 14255997952
1415460301 14265947136
1415460611 14276535296
1415460921 14286705664
1415461232 14296466432
1415461541 14308013056
1415461852 14319830016
1415462162 14331597824
1415462472 14343910400
1415462782 14357074944
1415463092 14370485248
1415463402 14383739904
1415463712 14396892160
1415464012 14409479168
1415464322 14422512640
1415464632 14435537920
1415464935 14449542144
1415465245 14465848320
1415465546 14486811648
1415465855 14507783168
1415466166 14528971776
1415466476 14534943744
1415466779 14534947840
1415467087 14534947840
1415467397 14534956032
1415467707 14534956032
1415468017 14534988800
1415468327 14534988800
1415468637 14535095296
1415468947 14535197696
1415469257 14535205888
1415469567 14535205888
1415469877 14535209984
1415470187 14535209984
1415470497 14535230464
1415470808 14535234560
1415471117 14535242752
1415471427 14535246848
1415471737 14535250944
1415472047 14535255040
1415472357 14535255040
1415472667 14535263232
1415472977 14535271424
1415473287 14535296000
1415473598 14535418880
1415473904 14549591040
1415474213 14546297856
1415474523 14546301952
1415474833 14546297856
1415475143 14546301952
1415475453 14546301952
1415475763 14546306048
1415476073 14546306048
1415476383 14546367488
1415476693 14546363392
1415477003 14547190784
1415477313 14547190784
1415477623 14547198976
1415477933 14547203072
1415478243 14547207168
1415478553 14547211264
1415478863 14547215360
1415479173 14547215360
1415479484 14547223552
1415479793 14547239936
1415480103 14547239936
1415480414 14547248128
1415480723 14547248128
1415481034 14547256320
1415481343 14547256320
1415481654 14547260416
1415481964 14547260416
1415482274 14547264512
1415482584 14547264512
1415482894 14547268608
1415483204 14547268608
1415483514 14547256320
1415483824 14547268608
1415484134 14547289088
1415484444 14547289088
1415484754 14547289088
1415485054 14547313664
1415485364 14547375104
1415485674 14547379200
1415485984 14547407872
1415486294 14547407872
1415486604 14547420160
1415486914 14547420160
1415487224 14547424256
1415487534 14547436544
1415487844 14547440640
1415488154 14547559424
1415488461 14547649536
1415488770 14547645440
1415489080 14547649536
1415489390 14547649536
1415489700 14547649536
1415490010 14547657728
1415490320 14547657728
1415490630 14547661824
1415490940 14547661824
1415491250 14547661824
1415491560 14547665920
1415491870 14547670016
1415492180 14547670016
1415492490 14547674112
1415492800 14547674112
1415493110 14547678208
1415493420 14547678208
1415493730 14547682304
1415494040 14547694592
1415494350 14547698688
1415494660 14547698688
1415494970 14547739648
1415495280 14547739648
1415495591 14547739648
1415495900 14547739648
1415496210 14547747840
1415496520 14547747840
1415496830 14547751936
1415497140 14547751936
1415497450 14547751936
1415497760 14547751936
1415498070 14547760128
1415498380 14547760128
1415498690 14547764224
1415499000 14547764224
1415499310 14547768320
1415499620 14548009984
1415499930 14548009984
1415500241 14548009984
1415500550 14548009984
1415500860 14548018176
1415501170 14548018176
1415501480 14548022272
1415501790 14548022272
1415502100 14548030464
1415502410 14548034560
1415502720 14548034560
1415503030 14548034560
1415503340 14548038656
1415503650 14548042752
1415503960 14548083712
1415504270 14548083712
1415504580 14548083712
1415504890 14548083712
1415505200 14548087808
1415505510 14548087808
1415505820 14548096000
1415506130 14548100096
1415506440 14548104192
1415506751 14548104192
1415507060 14548112384
1415507370 14548112384
1415507680 14548120576
1415507990 14548124672
1415508300 14548136960
1415508611 14548456448
1415508921 14548796416
1415509230 14548845568
1415509540 14548857856
1415509850 14548861952
1415510160 14548882432
1415510470 14548911104
1415510780 14548943872
1415511090 12625826816
1415511400 12625839104
1415511710 12625847296
1415512015 12626023424
1415512324 12626494464
1415512634 12626600960
1415512944 12626646016
1415513255 12626740224
1415513564 12631118848
1415513874 12631118848
1415514184 12631122944
1415514494 12631122944
1415514804 12631127040
1415515115 12631127040
1415515424 12631131136
1415515734 12631131136
1415516044 12631139328
1415516354 12631139328
1415516664 12631147520
1415516974 12631147520
1415517284 12631155712
1415517594 12631155712
1415517904 12631155712
1415518214 12631200768
1415518524 12631200768
1415518834 12631204864
1415519144 12631208960
1415519454 12631213056
1415519764 12631065600
1415520074 12631069696
1415520384 12631069696
1415520694 12631077888
1415521004 12631077888
1415521314 12631086080
1415521624 12631086080
1415521934 12631086080
1415522244 12631086080
1415522549 12631110656
1415522859 12631110656
1415523169 12631110656
1415523479 12631110656
1415523789 12632310784
1415524099 12685718528
1415524409 12685718528
1415524718 12685718528
1415525029 12684039168
1415525339 12684186624
1415525649 12684669952
1415525959 12685239296
1415526269 12685685760
1415526579 12685730816
1415526889 12685734912
1415527199 12685734912
1415527509 12685779968
1415527819 12685784064
1415528129 12685784064
1415528439 12685784064
1415528749 12685784064
1415529059 12685792256
1415529369 12685792256
1415529679 12685796352
1415529989 12685796352
1415530299 12685800448
1415530608 12685804544
1415530919 12685816832
1415531229 12685829120
1415531538 12685833216
1415531849 12685833216
1415532158 12685841408
1415532469 12685841408
1415532778 12685841408
1415533089 12685841408
1415533398 12685849600
1415533709 12685849600
1415534019 12685853696
1415534328 12685853696
1415534639 12685861888
1415534948 12685861888
1415535259 12685874176
1415535568 12685874176
1415535878 12685878272
1415536189 12685878272
1415536498 12685923328
1415536808 12685927424
1415537119 12685927424
1415537428 12685927424
1415537739 12685927424
1415538048 12685935616
1415538358 12685935616
1415538668 12685939712
1415538978 12685939712
1415539288 12685939712
1415539598 12685939712
1415539908 12685947904
1415540218 12685947904
1415540528 12685952000
1415540838 12685952000
1415541148 12685956096
1415541458 12685960192
1415541768 12685964288
1415542078 12685964288
1415542388 12685968384
1415542698 12689433600
1415543008 12689441792
1415543318 12689441792
1415543628 12689441792
1415543938 12689441792
1415544248 12689449984
1415544558 12689449984
1415544868 12689454080
1415545178 12689454080
1415545488 12689499136
1415545798 12689499136
1415546108 12689503232
1415546418 12689511424
1415546728 12689511424
1415547038 12689519616
1415547348 12689519616
1415547658 12689523712
1415547968 12689523712
1415548278 12689527808
1415548588 12689028096
1415548898 12689040384
1415549208 12689040384
1415549518 12689044480
1415549828 12689044480
1415550138 12689048576
1415550448 12689052672
1415550758 12689056768
1415551068 12689056768
1415551378 12689056768
1415551688 12689073152
1415551998 12689077248
1415552308 12689077248
1415552618 12689085440
1415552928 12689085440
1415553238 12689085440
1415553548 12689085440
1415553858 12689093632
1415554168 12689093632
1415554478 12689130496
1415554788 12689134592
1415555098 12689138688
1415555408 12689142784
1415555718 12689142784
1415556028 12689155072
1415556338 12689155072
1415556648 12689163264
1415556958 12689163264
1415557268 12689163264
1415557578 12689163264
1415557883 12689183744
1415558193 12689183744
1415558503 12689183744
1415558813 12689187840
1415559123 12689200128
1415559433 12689200128
1415559743 12689208320
1415560053 12694635520
1415560363 12698620928
1415560672 12702614528
1415560983 12706362368
1415561292 12710290432
1415561603 12714263552
1415561912 12717814784
1415562223 12721267712
1415562533 12724835328
1415562842 12728230912
1415563153 12731470848
1415563463 12735112192
1415563772 12738454528
1415564083 12741829632
1415564392 12745188352
1415564703 12748387328
1415565012 12751463424
1415565323 12754732032
1415565632 12757844992
1415565943 12761072640
1415566252 12764464128
1415566562 12767966208
1415566872 12771357696
1415567182 12774872064
1415567493 12778644480
1415567802 12782097408
1415568113 12785579008
1415568422 12789138432
1415568732 12792673280
1415569042 12796298240
1415569352 12799624192
1415569662 12803175424
1415569972 12807197696
1415570282 12811052032
1415570592 12815225856
1415570902 12819489792
1415571212 12823593984
1415571522 12827726848
1415571832 12831589376
1415572142 12835734528
1415572452 12839973888
1415572762 12844385280
1415573072 12848903168
1415573382 12853416960
1415573692 12857811968
1415574002 12862202880
1415574312 12865160192
1415574622 12865164288
1415574932 12865164288
1415575242 12865168384
1415575552 12865168384
1415575862 12865176576
1415576172 12865176576
1415576482 12865180672
1415576789 12865180672
1415577099 12865184768
1415577409 12865188864
1415577719 12865192960
1415578029 12865192960
1415578339 12865201152
1415578649 12865201152
1415578959 12865205248
1415579259 12865205248
1415579569 12865213440
1415579879 12865217536
1415580189 12865217536
1415580499 12865217536
1415580809 12866405376
1415581119 12867945472
1415581429 12867986432
1415581739 12867986432
1415582049 12867994624
1415582359 12867994624
1415582669 12867998720
1415582979 12868002816
1415583289 12868006912
1415583599 12868006912
1415583909 12868015104
1415584219 12868019200
1415584529 12868023296
1415584839 12868031488
1415598324 12801893376
1415598633 12803740672
1415598943 12803740672
1415599253 12803744768
1415599564 12804715520
1415599873 12804834304
1415600183 12804903936
1415600488 13190292480
1417235308 13198054400
1417235612 13198197760
1417235922 13198218240
1417236232 13198242816
1417236542 13198251008
