1410716556 0.00
1410716866 0.09
1410717177 0.03
1410717487 0.00
1410717797 0.00
1410718107 0.08
1410718417 0.10
1410718717 0.08
1410719027 0.08
1410719337 0.08
1410719647 0.08
1410719957 0.09
1410720267 0.16
1410720577 0.00
1410720887 0.01
1410721197 0.03
1410721502 0.48
1410721811 0.14
1410722114 0.54
1410722424 0.00
1410722734 0.02
1410723044 0.07
1410723354 0.11
1410723665 0.00
1410723975 0.00
1410724285 0.01
1410724595 0.00
1410724905 0.04
1410725215 0.00
1410725525 0.00
1410725825 0.00
1410726135 0.03
1410726445 0.00
1410726755 0.05
1410727065 0.00
1410727375 0.00
1410727686 0.08
1410727996 0.08
1410728306 0.08
1410728616 0.08
1410728926 0.12
1410729236 0.13
1410729546 0.19
1410729856 0.00
1410730166 0.00
1410730466 0.00
1410730776 0.00
1410731086 0.00
1410731397 0.01
1410731706 0.02
1410732016 0.00
1410732326 0.00
1410732636 0.00
1410732947 0.05
1410733256 0.00
1410733567 0.03
1410733877 0.00
1410734187 0.00
1410734497 0.00
1410734807 0.00
1410735117 0.00
1410735427 0.00
1410735737 0.03
1410736047 0.00
1410736357 0.00
1410736667 0.00
1410736967 0.00
1410737277 0.04
1410737587 0.09
1410737897 0.00
1410738207 0.00
1410738517 0.00
1410738827 0.02
1410739137 0.01
1410739448 0.00
1410739757 0.00
1410740067 0.02
1410740377 0.06
1410740688 0.01
1410740998 0.00
1410741308 0.00
1410741618 0.09
1410741928 0.00
1410742238 0.00
1410742548 0.00
1410742858 0.00
1410743168 0.00
1410743478 0.00
1410743788 0.01
1410744098 0.00
1410744398 0.09
1410744708 0.16
1410745018 0.08
1410745328 0.08
1410745638 0.08
1410745948 0.13
1410746258 0.08
1410746568 0.08
1410746878 0.00
1410747188 0.06
1410747498 0.24
1410748464 0.18
1410748774 0.03
1410749084 0.08
1410749394 0.81
1410749704 0.64
1410750014 0.48
1410750324 0.01
1410750634 0.00
1410750934 0.00
1410751244 0.01
1410751554 0.00
1410751864 0.00
1410752174 0.00
1410752484 0.00
1410752794 0.01
1410753104 0.00
1410753414 0.00
1410753724 0.00
1410754034 0.02
1410754344 0.00
1410754654 0.00
1410754964 0.00
1410755274 0.00
1410755584 0.02
1410755895 0.00
1410756205 0.00
1410756515 0.00
1410756825 0.00
1410757135 0.00
1410757445 0.00
1410757755 0.00
1410758065 0.00
1410758371 0.08
1410758681 0.08
1410758991 0.10
1410759301 0.08
1410759611 0.09
1410759922 0.16
1410760232 0.00
1410760542 0.01
1410760852 0.00
1410761162 0.00
1410761472 0.00
1410761782 0.00
1410762092 0.00
1410762402 0.00
1410762712 0.00
1410763022 0.00
1410763332 0.00
1410763642 0.00
1410763952 0.00
1410764262 0.00
1410764572 0.00
1410764882 0.00
1410765192 0.00
1410765502 0.00
1410765812 0.00
1410766122 0.05
1410766432 0.02
1410766732 0.00
1410767042 0.00
1410767352 0.00
1410767662 0.00
1410767972 0.01
1410768283 1.43
1410768592 0.51
1410768902 0.00
1410769212 0.00
1410769522 0.00
1410769832 0.01
1410770142 0.00
1410770452 0.00
1410770763 0.00
1410771073 0.00
1410771383 0.00
1410771693 0.00
1410772003 0.01
1410772313 0.00
1410772623 0.00
1410772933 0.00
1410773243 0.00
1410773553 0.00
1410773863 0.00
1410774173 0.00
1410774483 0.00
1410774793 0.00
1410775103 0.00
1410775413 0.03
1410775723 0.00
1410776033 0.00
1410776343 0.00
1410776653 0.00
1410776963 0.05
1410777273 0.00
1410777583 0.00
1410777893 0.00
1410778203 0.00
1410778503 0.00
1410778813 0.00
1410779123 0.08
1410779433 0.08
1410779743 0.08
1410780053 0.08
1410780363 0.08
1410780673 0.08
1410780983 0.08
1410781293 0.08
1410781603 0.08
1410781913 0.00
1410782223 0.00
1410782533 0.01
1410782843 0.00
1410783153 0.00
1410783463 0.00
1410783773 0.00
1410784083 0.00
1410784393 0.00
1410784704 0.00
1410785014 0.02
1410785324 0.00
1410785634 0.00
1410785944 0.00
1410786254 0.06
1410786564 0.00
1410786874 0.00
1410787184 0.00
1410787494 0.00
1410787804 0.00
1410788114 0.00
1410788424 0.00
1410788734 0.00
1410789044 0.00
1410789354 0.00
1410789661 0.00
1410789971 0.00
1410790281 0.00
1410790591 0.00
1410790901 0.00
1410791211 0.00
1410791511 0.00
1410791821 0.08
1410792131 0.08
1410792441 0.08
1410792751 0.08
1410793061 0.08
1410793371 0.08
1410793681 0.08
1410793991 0.08
1410794301 0.16
1410794611 0.00
1410794921 0.05
1410795231 0.00
1410795541 0.00
1410795851 0.00
1410796161 0.00
1410796471 0.00
1410796781 0.00
1410797091 0.00
1410797402 0.00
1410797711 0.00
1410798022 0.00
1410798332 0.00
1410798641 0.00
1410798952 0.00
1410799262 0.00
1410799572 0.00
1410799882 0.00
1410800192 0.00
1410800502 0.00
1410800812 0.00
1410801122 0.00
1410801432 0.00
1410801742 0.00
1410802052 0.00
1410802362 0.00
1410802672 0.04
1410802982 0.00
1410803292 0.00
1410803602 0.01
1410803912 0.00
1410804212 0.00
1410804522 0.75
1410804832 0.01
1410805142 0.00
1410805452 0.00
1410805762 0.07
1410806072 0.02
1410806382 0.00
1410806692 0.00
1410807002 0.00
1410807312 0.00
1410807622 0.00
1410807932 0.00
1410808242 0.00
1410808552 0.00
1410808862 0.01
1410809172 0.00
1410809482 0.01
1410809792 0.00
1410810102 0.00
1410810412 0.00
1410810723 0.00
1410811033 0.00
1410811343 0.00
1410811653 0.00
1410811963 0.00
1410812273 0.00
1410812583 0.00
1410812893 0.00
1410813203 0.00
1410813513 0.08
1410813823 0.08
1410814133 0.08
1410814443 0.08
1410814753 0.16
1410815063 0.08
1410815373 0.08
1410815683 0.08
1410815993 0.08
1410816303 0.08
1410816613 0.00
1410816923 0.00
1410817233 0.00
1410817533 0.00
1410817843 0.00
1410818153 0.00
1410818463 0.01
1410818773 0.00
1410819083 0.00
1410819393 0.00
1410819703 0.15
1410820013 0.00
1410820323 0.00
1410820633 0.00
1410820934 0.00
1410821244 0.00
1410821554 0.00
1410821864 0.00
1410822174 0.01
1410822484 0.00
1410822794 0.00
1410823104 0.00
1410823414 0.00
1410823724 0.00
1410824034 0.00
1410824344 0.00
1410824654 0.00
1410824964 0.00
1410825274 0.00
1410825584 0.00
1410825894 0.00
1410826205 0.00
1410826514 0.00
1410826825 0.00
1410827134 0.00
1410827444 0.00
1410827755 0.00
1410828064 0.00
1410828375 0.00
1410828685 0.00
1410828995 0.00
1410829305 0.00
1410829615 0.00
1410829925 0.02
1410830235 0.00
1410830545 0.00
1410830855 0.00
1410831165 0.00
1410831475 0.00
1410831785 0.00
1410832095 0.08
1410832405 0.08
1410832715 0.08
1410833025 0.08
1410833335 0.08
1410833645 0.08
1410833955 0.10
1410834255 0.12
1410834565 0.10
1410834875 0.08
1410835185 0.08
1410835495 0.00
1410835805 0.00
1410836115 0.00
1410836425 0.00
1410836735 0.00
1410837045 0.00
1410837355 0.00
1410837665 0.00
1410837975 0.00
1410838285 0.00
1410838595 0.00
1410838905 0.00
1410839215 0.00
1410839525 0.00
1410839835 0.06
1410840146 0.00
1410840455 0.00
1410840765 0.00
1410841075 0.00
1410841386 0.00
1410841696 0.08
1410842006 0.00
1410842316 0.04
1410842626 0.00
1410842936 0.00
1410843246 0.00
1410843556 0.00
1410843866 0.00
1410844176 0.00
1410844486 0.00
1410844796 0.00
1410845106 0.01
1410845416 0.01
1410845726 0.00
1410846036 0.00
1410846346 0.00
1410846656 0.17
1410846966 0.00
1410847266 0.00
1410847576 0.00
1410847886 0.00
1410848196 0.00
1410848506 0.00
1410848816 0.00
1410849126 0.00
1410849436 0.00
1410849746 0.00
1410850056 0.00
1410850366 0.00
1410850673 0.00
1410850983 0.00
1410851293 0.00
1410851603 0.00
1410851913 0.00
1410852223 0.00
1410852533 0.00
1410852843 0.00
1410853153 0.04
1410853463 0.00
1410853774 0.00
1410854084 0.00
1410854394 0.00
1410854704 0.05
1410855014 0.00
1410855324 0.00
1410855634 0.00
1410855944 0.00
1410856254 0.00
1410856564 0.00
1410856874 0.00
1410857184 0.00
1410857494 0.00
1410857804 0.00
1410858114 0.07
1410858424 0.00
1410858734 0.00
1410859044 0.00
1410859354 0.00
1410859664 0.00
1410859974 0.00
1410860284 0.09
1410860584 0.00
1410860894 0.00
1410861204 0.00
1410861514 0.00
1410861824 0.04
1410862134 0.00
1410862444 0.00
1410862754 0.00
1410863064 0.03
1410863374 0.02
1410863684 0.00
1410863994 0.01
1410864304 0.04
1410864614 0.02
1410864924 0.02
1410865234 0.03
1410865544 0.07
1410865854 0.05
1410866164 0.00
1410866474 0.00
1410866784 0.00
1410867094 0.00
1410867404 0.00
1410867714 0.00
1410868025 0.08
1410868334 0.08
1410868645 0.10
1410868955 0.08
1410869265 0.11
1410869575 0.08
1410869885 0.08
1410870195 0.08
1410870506 0.72
1410870816 1.49
1410871115 0.07
1410871425 0.26
1410871727 0.43
1410872041 2.22
1410872339 0.28
1410872649 0.16
1410872959 0.01
1410873269 0.16
1410873579 0.08
1410873889 0.16
1410874199 0.22
1410874509 0.08
1410874819 0.09
1410875129 0.19
1410875439 0.10
1410875750 0.57
1410876059 0.08
1410876369 0.08
1410876679 0.08
1410876989 0.17
1410877299 0.00
1410877609 0.00
1410877916 0.00
1410878226 0.00
1410878536 0.00
1410878846 0.04
1410879156 0.01
1410879467 0.04
1410879776 0.10
1410880086 0.00
1410880396 0.00
1410880706 0.00
1410881016 0.00
1410881326 0.19
1410881636 0.00
1410881946 0.00
1410882256 0.04
1410882566 0.00
1410882876 0.02
1410883186 0.00
1410883496 0.00
1410883806 0.00
1410884116 0.00
1410884426 0.00
1410884736 0.00
1410885046 0.02
1410885356 0.13
1410885666 0.00
1410885976 0.00
1410886286 0.00
1410886596 0.00
1410886906 0.03
1410887216 0.00
1410887526 0.01
1410887836 0.00
1410888146 0.00
1410888456 0.01
1410888766 0.06
1410889076 0.08
1410889386 0.00
1410889696 0.07
1410890006 0.08
1410890316 0.48
1410890629 0.96
1410890937 0.04
1410891247 0.00
1410891557 0.00
1410895153 0.18
1410896907 1.43
1410897216 0.01
1410897526 0.00
1410897837 0.00
1410898146 0.00
1410898456 0.04
1410898766 0.00
1410899076 0.01
1410899387 0.00
1410899697 0.13
1410900007 0.00
1410900317 0.00
1410900627 0.00
1410900937 0.00
1410901247 0.00
1410901557 0.00
1410901867 0.00
1410902177 0.03
1410902477 0.06
1410902787 0.00
1410903097 0.00
1410903407 0.00
1410903717 0.00
1410904027 0.00
1410904337 0.00
1410904647 0.00
1410904957 0.00
1410905262 0.00
1410905572 0.00
1410905883 0.00
1410906193 0.00
1410906503 0.00
1410906813 0.00
1410907123 0.00
1410907433 0.00
1410907743 0.03
1410908053 0.00
1410908363 0.00
1410908673 0.00
1410908983 0.00
1410909293 0.00
1410909593 0.00
1410909903 0.00
1410910213 0.00
1410910523 0.04
1410910833 0.08
1410911143 0.08
1410911453 0.08
1410911763 0.08
1410912074 0.08
1410912383 0.08
1410912693 0.08
1410913004 0.08
1410913314 0.09
1410913624 0.00
1410913934 0.01
1410914244 0.00
1410914554 0.00
1410914864 0.00
1410915174 0.00
1410915484 0.00
1410915794 0.00
1410916104 0.00
1410916414 0.00
1410916724 0.00
1410917024 0.00
1410917334 0.00
1410917644 0.00
1410917954 0.00
1410918264 0.00
1410918574 0.01
1410918884 0.00
1410919194 0.00
1410919505 0.00
1410919816 3.02
1411005659 0.36
1411005967 1.48
1411006277 1.35
1411006587 0.85
1411006898 1.20
1411007208 1.22
1411007518 1.21
1411007828 1.30
1411008138 1.17
1411008448 1.21
1411008758 1.41
1411009069 1.18
1411009379 1.27
1411009679 0.09
1411009989 0.24
1411010299 0.01
1411010614 2.04
1411010910 0.10
1411846743 0.21
1411847136 1.58
1411847445 0.06
1411847755 0.02
1411848065 0.00
1411848375 0.00
1411848685 0.04
1411848996 0.00
1411849305 0.00
1411849616 0.00
1411849926 0.00
1411850236 0.00
1411850546 0.00
1411850856 0.00
1411851166 0.60
1411851476 1.44
1411851786 1.84
1411852096 1.48
1411852396 1.48
1411852706 0.16
1411853016 0.00
1411853326 0.00
1411853636 0.00
1411853946 0.00
1411854256 0.01
1411854566 0.00
1411854876 0.00
1411855186 0.00
1411855496 0.00
1411855806 0.02
1411856117 0.00
1411856427 0.00
1411856737 0.00
1411857047 0.00
1411857357 0.00
1411857667 0.00
1411857977 0.02
1411858287 0.00
1411858597 0.00
1411858907 0.00
1411859217 0.00
1411859527 0.00
1411859837 0.00
1411860147 0.00
1411860457 0.01
1411860767 0.00
1411861077 0.00
1411861379 0.00
1411861689 0.00
1411861999 0.00
1411862309 0.08
1411862619 0.09
1411862929 0.08
1411863239 0.08
1411863549 0.08
1411863849 0.08
1411864159 0.08
1411864469 0.08
1411864779 0.23
1411865089 0.00
1411865399 0.00
1411865709 0.00
1411866019 0.00
1411866329 0.00
1411866639 0.00
1411866949 0.00
1411867259 0.00
1411867569 0.00
1411867879 0.00
1411868189 0.00
1411868499 0.00
1411868809 0.01
1411869119 0.00
1411869429 0.00
1411869740 0.00
1411870049 0.02
1411870360 0.00
1411870670 0.00
1411870980 0.00
1411871290 0.00
1411871600 0.00
1411871910 0.00
1411872220 0.00
1411872530 0.00
1411872840 0.00
1411873150 0.00
1411873460 0.00
1411873770 0.00
1411874080 0.03
1411874390 0.00
1411874700 0.04
1411875010 0.06
1411875310 0.01
1411875620 0.00
1411875930 0.00
1411876240 0.00
1411876550 0.00
1411876860 0.00
1411877170 0.00
1411877480 0.00
1411877790 0.00
1411878100 0.07
1411878410 0.00
1411878720 0.00
1411879030 0.00
1411879340 0.00
1411879650 0.01
1411879960 0.00
1411880270 0.00
1411880580 0.00
1411880890 0.00
1411881200 0.00
1411881510 0.00
1411881820 0.00
1411882131 0.00
1411882441 0.03
1411882751 0.00
1411883061 0.00
1411883371 0.00
1411883681 0.08
1411883991 0.08
1411884301 0.08
1411884611 0.08
1411884921 0.10
1411885231 0.08
1411885541 0.08
1411885851 0.16
1411886161 0.00
1411886461 0.00
1411886771 0.07
1411887081 0.00
1411887388 0.00
1411887698 0.01
1411888008 0.00
1411888318 0.00
1411888618 0.02
1411888928 0.00
1411889238 0.07
1411889548 0.00
1411889858 0.00
1411890168 0.00
1411890478 0.00
1411890788 0.00
1411891098 0.00
1411891408 0.14
1411891718 0.00
1411892028 0.00
1411892333 0.00
1411892643 1.43
1411892944 1.51
1411893254 1.43
1411893564 1.60
1411893873 0.05
1411894183 0.00
1411894494 0.00
1411894804 0.00
1411895114 0.00
1411895424 0.00
1411895734 0.00
1411896044 0.00
1411896354 0.03
1411896664 0.08
1411896974 0.09
1411897284 0.12
1411897594 0.11
1411897904 0.08
1411898214 0.08
1411898524 0.08
1411898834 0.09
1411899144 0.08
1411899454 0.00
1411899764 0.00
1411900074 0.00
1411900374 0.00
1411900684 0.00
1411900994 0.00
1411901304 0.00
1411901614 0.07
1411901924 0.00
1411902234 0.00
1411902544 0.00
1411902854 0.00
1411903164 0.00
1411903474 0.00
1411903784 0.00
1411904094 0.00
1411904404 0.00
1411904714 0.00
1411905024 0.00
1411905334 0.00
1411905644 0.00
1411905954 0.03
1411906265 0.00
1411906575 0.00
1411906885 0.00
1411907195 0.00
1411907505 0.04
1411907815 0.00
1411908125 0.00
1411908435 0.07
1411908745 0.00
1411909055 0.00
1411909365 0.00
1411909675 0.00
1411909985 0.00
1411910295 0.00
1411910605 0.00
1411910915 0.00
1411911225 0.00
1411911535 0.00
1411911845 0.00
1411912155 0.00
1411912455 0.00
1411912765 0.00
1411913075 0.00
1411913385 0.00
1411913695 0.02
1411914005 0.40
1411914315 0.29
1411914625 0.03
1411914935 0.00
1411915245 0.00
1411915555 0.04
1411915865 0.00
1411916175 0.00
1411916485 0.02
1411916796 0.00
1411917106 0.08
1411917416 0.08
1411917726 0.08
1411918036 0.08
1411918346 0.08
1411918656 0.08
1411918966 0.10
1411919276 0.08
1411919586 0.00
1411919896 0.00
1411920206 0.00
1411920506 0.00
1411920816 0.00
1411921126 0.00
1411921436 0.00
1411921746 0.00
1411922056 0.00
1411922362 0.00
1411922664 0.14
1411922974 0.00
1411923284 0.00
1411923594 0.00
1411923904 0.00
1411924214 0.00
1411924524 0.00
1411924834 0.00
1411925134 0.00
1411925444 0.00
1411925754 0.02
1411926064 0.00
1411926374 0.03
1411926684 0.08
1411926994 0.08
1411927304 0.08
1411927612 0.00
1411927922 0.01
1411928232 0.00
1411928542 0.00
1411928853 0.00
1411929163 0.00
1411929473 0.00
1411929783 0.00
1411930093 0.00
1411930403 0.00
1411930713 0.00
1411931023 0.00
1411931333 0.00
1411931643 0.06
1411931953 0.00
1411932263 0.00
1411932573 0.00
1411932883 0.00
1411933193 0.01
1411933503 0.16
1411933813 0.00
1411934113 0.08
1411934423 0.08
1411934733 0.08
1411935043 0.08
1411935353 0.08
1411935663 0.08
1411935973 0.08
1411936283 0.08
1411936593 0.24
1411936903 0.00
1411937213 0.02
1411937523 0.00
1411937833 0.00
1411938143 0.00
1411938453 0.00
1411938763 0.00
1411939073 0.00
1411939383 0.00
1411939693 0.00
1411940003 0.00
1411940314 0.00
1411940624 0.00
1411940934 0.00
1411941244 0.00
1411941554 0.00
1411941864 0.00
1411942174 0.00
1411942484 0.00
1411942794 0.00
1411943104 0.00
1411943414 0.00
1411943714 0.00
1411944024 0.00
1411944334 0.07
1411944644 0.00
1411944954 0.00
1411945264 0.00
1411945574 0.00
1411945884 0.00
1411946194 0.00
1411946504 0.00
1411946814 0.00
1411947124 0.00
1411947435 0.00
1411947744 0.00
1411948055 0.00
1411948365 0.00
1411948675 0.00
1411948985 0.01
1411949295 0.00
1411949605 0.00
1411949915 0.00
1411950219 0.00
1411950529 0.00
1411950839 0.00
1411951149 0.00
1411951459 0.00
1411951769 0.00
1411952079 0.00
1411952389 0.00
1411952699 0.00
1411953009 0.00
1411953319 0.00
1411953629 0.00
1411953939 0.01
1411954239 0.00
1411954549 0.00
1411954859 0.00
1411955169 0.03
1411955479 0.00
1411955789 0.00
1411956099 0.00
1411956409 0.00
1411956719 0.00
1411957030 0.08
1411957340 0.08
1411957650 0.08
1411957956 0.00
1411958266 0.00
1411958576 0.00
1411958886 0.00
1411959192 0.00
1411959503 0.08
1411959813 0.00
1411960123 0.00
1411960433 0.00
1411960743 0.00
1411961053 0.00
1411961363 0.00
1411961673 0.01
1411961983 0.07
1411962293 0.00
1411962603 0.00
1411962913 0.00
1411963223 0.00
1411963523 0.00
1411963833 0.00
1411964143 0.00
1411964453 0.22
1411964763 0.08
1411965073 0.09
1411965383 0.08
1411965693 0.08
1411966003 0.11
1411966313 0.08
1411966615 0.47
1411967193 2.04
1411967502 0.03
1411967812 0.00
1411968372 2.19
1411968682 0.81
1411968992 0.06
1411969292 0.09
1411969602 0.04
1411969912 0.00
1411970213 0.00
1411970523 0.03
1411970833 0.00
1411971143 0.00
1411971453 0.01
1411971764 0.00
1411972073 0.07
1411972384 0.90
1411972693 0.01
1411973003 0.00
1411973314 0.00
1411973623 0.00
1411973934 0.00
1411974244 0.00
1411974554 0.00
1411974864 0.00
1411975174 0.03
1411975484 0.00
1411975794 0.00
1411976104 0.00
1411976414 0.02
1411976714 0.00
1411977024 0.00
1411977334 0.00
1411977644 0.01
1411977954 0.03
1411978264 0.00
1411978574 0.01
1411978884 0.08
1411979194 0.00
1411979504 0.08
1411979814 0.08
1411980124 0.08
1411980434 0.08
1411980744 0.08
1411981054 0.08
1411981364 0.08
1411981674 0.08
1411981984 0.08
1411982294 0.05
1411982604 0.03
1411982914 0.00
1411983224 0.00
1411983534 0.00
1411983844 0.09
1411984154 0.00
1411984465 0.18
1411984774 0.01
1411985084 0.00
1411985395 0.00
1411985705 0.00
1411986015 0.00
1411986325 0.00
1411986635 0.00
1411986945 0.00
1411987255 0.00
1411987565 0.00
1411987875 0.00
1411988185 0.00
1411988495 0.00
1411988805 0.00
1411989115 0.00
1411989425 0.00
1411989735 0.00
1411990045 0.02
1411990355 0.00
1411990665 0.00
1411990975 0.00
1411991285 0.00
1411991595 0.00
1411991905 0.00
1411992215 0.00
1411992525 0.00
1411992835 0.00
1411993145 0.00
1411993455 0.00
1411993765 0.00
1411994075 0.01
1411994385 0.00
1411994685 0.00
1411994995 0.00
1411995305 0.00
1411995615 0.00
1411995925 0.00
1411996235 0.00
1411996545 0.00
1411996855 0.00
1411997165 0.00
1411997475 0.00
1411997785 0.00
1411998095 0.00
1411998405 0.00
1411998715 0.00
1411999025 0.00
1411999335 0.00
1411999645 0.00
1411999955 0.00
1412000265 0.00
1412000575 0.00
1412000885 0.01
1412001195 0.00
1412001500 0.00
1412001810 0.00
1412002116 0.08
1412002426 0.08
1412002734 0.00
1412003043 0.00
1412003353 0.00
1412003663 0.00
1412003973 0.00
1412004283 0.02
1412004593 0.00
1412004903 0.00
1412005213 0.00
1412005513 0.06
1412005823 0.00
1412006133 0.00
1412006443 0.00
1412006753 0.00
1412007063 0.00
1412007371 0.02
1412007681 0.00
1412007991 0.06
1412008301 0.00
1412008601 0.00
1412008911 0.00
1412009221 0.00
1412009531 0.00
1412009841 0.00
1412010151 0.00
1412010461 0.04
1412010771 0.27
1412011077 0.00
1412011378 0.00
1412011679 0.08
1412011987 0.00
1412012297 0.00
1412012607 0.00
1412012917 0.00
1412013227 0.00
1412013537 0.00
1412013847 0.03
1412014157 0.00
1412014468 0.02
1412014778 0.00
1412015085 0.24
1412015385 0.00
1412015727 2.59
1412016037 0.90
1412016483 1.84
1412016793 0.03
1412017098 0.02
1412017408 0.00
1412017718 0.00
1412018028 0.00
1412018338 0.00
1412018639 0.00
1412018940 0.01
1412019250 0.00
1412019557 0.00
1412019867 0.00
1412020176 0.05
1412020487 0.00
1412020797 0.00
1412021107 0.00
1412021408 0.00
1412021718 0.00
1412022024 0.06
1412022334 0.00
1412022644 0.00
1412022954 0.00
1412023264 0.00
1412023574 0.00
1412023884 0.00
1412024192 0.00
1412024502 0.00
1412024812 0.00
1412025122 0.00
1412025432 0.00
1412025742 0.00
1412026042 0.00
1412026352 0.00
1412026662 0.00
1412026972 0.00
1412027276 0.00
1412027586 0.00
1412027896 0.00
1412028206 0.00
1412028516 0.00
1412028816 0.00
1412029126 0.04
1412029436 0.00
1412029746 0.08
1412030056 0.00
1412030366 0.00
1412030676 0.00
1412030986 0.01
1412031296 0.00
1412031598 0.00
1412031908 0.00
1412032218 0.00
1412032529 0.00
1412032839 0.00
1412033149 0.00
1412033459 0.00
1412033769 0.00
1412034075 0.00
1412034385 0.00
1412034695 0.00
1412035005 0.00
1412035315 0.01
1412035625 0.00
1412035935 0.00
1412036245 0.00
1412036555 0.01
1412036855 0.05
1412037165 0.05
1412037475 0.00
1412037785 0.00
1412038095 0.07
1412038405 0.00
1412038715 0.00
1412039025 0.00
1412039335 0.00
1412039645 0.00
1412039956 0.00
1412040265 0.00
1412040576 0.00
1412040886 0.00
1412041196 0.08
1412041506 0.08
1412041816 0.12
1412042126 0.08
1412042436 0.12
1412042746 0.08
1412043056 0.52
1412043366 1.42
1412043676 1.04
1412043976 1.06
1412044286 1.05
1412044596 1.09
1412044906 1.05
1412045217 1.00
1412045527 1.09
1412045827 0.50
1412046138 2.13
1412046447 1.31
1412046757 1.03
1412047067 0.98
1412047377 1.01
1412047687 1.01
1412047997 1.01
1412048308 1.03
1412048618 1.11
1412048918 1.00
1412049228 0.44
1412049538 0.02
1412050033 2.15
1412050343 0.91
1412050643 0.92
1412050953 1.11
1412051263 1.09
1412051573 1.20
1412051883 1.40
1412052193 1.02
1412052503 1.07
1412052814 1.00
1412053123 1.07
1412053434 1.14
1412053744 1.10
1412054054 1.30
1412054364 0.03
1412054674 0.03
1412054984 0.00
1412055294 0.00
1412055604 0.00
1412055914 0.00
1412056224 0.00
1412056534 0.06
1412056844 0.00
1412057154 0.00
1412057464 0.00
1412057765 0.00
1412058075 0.03
1412058377 0.00
1412058687 0.00
1412058997 0.00
1412059302 0.00
1412059613 0.00
1412059923 0.00
1412060233 0.00
1412060542 0.00
1412060853 0.06
1412061163 0.00
1412061473 0.00
1412061783 0.00
1412062093 0.00
1412062399 0.00
1412062700 0.00
1412063010 0.00
1412063319 0.00
1412063621 0.00
1412063931 0.00
1412064241 0.15
1412064551 0.01
1412064861 0.00
1412065171 0.00
1412065481 0.01
1412065791 0.00
1412066101 0.00
1412066411 0.00
1412066721 0.00
1412067021 0.00
1412067331 0.00
1412067633 0.02
1412067934 0.07
1412068244 0.08
1412068548 0.00
1412068858 0.00
1412069168 0.00
1412069478 0.00
1412069788 0.02
1412070098 0.00
1412070408 0.00
1412070718 0.00
1412071028 0.00
1412071338 0.00
1412071648 0.07
1412071958 0.00
1412072268 0.00
1412072578 0.00
1412072888 0.00
1412073198 0.08
1412073508 0.00
1412073818 0.00
1412074128 0.00
1412074438 0.08
1412074748 0.08
1412075058 0.00
1412075358 0.06
1412075668 0.00
1412075968 0.08
1412076278 0.08
1412076588 0.08
1412076898 0.08
1412077208 0.08
1412077518 0.08
1412077828 0.12
1412078138 0.10
1412078448 0.08
1412078758 0.08
1412079068 0.00
1412079378 0.00
1412079688 0.00
1412079998 0.00
1412080308 0.01
1412080619 0.00
1412080928 0.00
1412081238 0.00
1412081549 0.00
1412081858 0.00
1412082169 0.00
1412082478 0.05
1412082789 0.00
1412083098 0.05
1412083408 0.07
1412083719 0.00
1412084029 0.01
1412084339 0.00
1412084649 0.00
1412084959 0.00
1412085269 0.00
1412085579 0.00
1412085889 0.00
1412086199 0.00
1412086509 0.00
1412086819 0.03
1412087129 0.00
1412087439 0.00
1412087749 0.00
1412088059 0.00
1412088369 0.00
1412088679 0.00
1412088989 0.01
1412089299 0.00
1412089609 0.00
1412089919 0.00
1412090229 0.00
1412090539 0.00
1412090849 0.00
1412091159 0.00
1412091469 0.00
1412091769 0.00
1412092079 0.00
1412092389 0.00
1412092699 0.00
1412093009 0.00
1412093319 0.04
1412093629 0.00
1412093939 0.00
1412094249 0.00
1412094559 0.00
1412094869 0.00
1412095180 0.00
1412095489 0.00
1412095800 0.03
1412096110 0.00
1412096419 0.00
1412096730 0.02
1412097039 0.02
1412097350 0.08
1412097660 0.08
1412097969 0.00
1412098280 0.08
1412098585 0.00
1412098896 0.00
1412099206 0.00
1412099516 0.00
1412099826 0.00
1412100136 0.00
1412100446 0.12
1412100756 0.00
1412101066 0.00
1412101376 0.02
1412101686 0.00
1412101996 0.00
1412102306 0.00
1412102616 0.00
1412102926 0.02
1412103236 0.00
1412103546 0.00
1412103856 0.05
1412104166 0.01
1412104476 0.00
1412104776 0.03
1412105086 0.00
1412105396 0.00
1412105706 0.01
1412106016 0.00
1412106326 0.00
1412106636 0.00
1412106947 0.00
1412107256 0.00
1412107567 0.00
1412107876 0.00
1412108187 0.00
1412108496 0.00
1412108807 0.00
1412109116 0.00
1412109426 0.03
1412109737 0.02
1412110046 0.00
1412110357 0.00
1412110667 0.00
1412110977 0.01
1412111287 0.04
1412111597 0.00
1412111907 0.00
1412219586 2.78
1412219894 0.02
1412220204 0.00
1412220515 0.00
1412220825 0.00
1412221135 0.00
1412221445 0.01
1412221755 0.00
1412222065 0.00
1412222375 0.00
1412222685 0.00
1412223210 2.64
1412223517 0.01
1412223827 0.01
1412224137 0.00
1412224447 0.00
1412224757 0.00
1412225067 0.00
1412225378 0.07
1412225688 0.42
1412225998 0.06
1412226308 0.64
1412226618 0.23
1412226928 0.25
1412227238 0.97
1412227548 0.03
1412227858 0.00
1412228158 0.00
1412228468 0.00
1412228778 0.12
1412229088 0.09
1412229398 0.08
1412229708 0.08
1412230018 0.08
1412230328 0.08
1412230639 0.08
1412230949 0.16
1412231259 0.14
1412231569 0.00
1412231879 0.00
1412232189 0.00
1412232498 0.16
1412232808 0.08
1412233118 0.08
1412233428 0.00
1412233738 0.00
1412234048 0.04
1412234358 0.00
1412234668 0.00
1412234978 0.00
1412235289 0.00
1412235599 0.04
1412235909 0.03
1412236219 0.00
1412236529 0.00
1412236839 0.00
1412237149 0.05
1412237459 0.02
1412237769 0.00
1412238079 0.00
1412238389 0.00
1412238699 0.00
1412239009 0.00
1412239309 0.00
1412239619 0.00
1412239929 0.00
1412240239 0.00
1412240549 0.00
1412240859 0.00
1412241169 0.01
1412241479 0.01
1412241789 0.00
1412242099 0.00
1412242409 0.00
1412242720 0.00
1412243030 0.00
1412243340 0.00
1412243650 0.00
1412243960 0.00
1412244270 0.00
1412244580 0.00
1412244890 0.02
1412245200 0.00
1412245510 0.00
1412245820 0.06
1412246130 0.05
1412246440 0.05
1412246750 0.00
1412247060 0.00
1412247370 0.00
1412247670 0.01
1412247980 0.00
1412248290 0.00
1412248600 0.00
1412248910 0.08
1412249220 0.08
1412249530 0.08
1412249840 0.08
1412250150 0.08
1412250460 0.08
1412250770 0.08
1412251080 0.08
1412251391 0.00
1412251701 0.00
1412252011 0.07
1412252321 0.00
1412252631 0.00
1412252941 0.00
1412253251 0.00
1412253561 0.00
1412253871 0.00
1412254181 0.00
1412256835 3.56
1412257144 0.10
1412257454 0.08
1412257764 0.00
1412258074 0.01
1412258384 0.00
1412258694 0.00
1412258994 0.00
1412259304 0.00
1412259614 0.00
1412259924 0.00
1412260234 0.00
1412260534 0.01
1412260844 0.00
1412261154 0.01
1412261464 0.01
1412261774 0.00
1412262084 0.00
1412262394 0.00
1412262704 0.00
1412263014 0.02
1412263324 0.00
1412263634 0.00
1412263944 0.00
1412264254 0.00
1412264564 0.00
1412264875 0.00
1412265184 0.00
1412265495 0.01
1412265805 0.00
1412266115 0.01
1412266425 0.00
1412266735 0.00
1412267045 0.00
1412267355 0.00
1412267665 0.05
1412267975 0.06
1412268285 0.04
1412268913 2.09
1412269223 0.02
1412269533 0.00
1412269843 0.01
1412270153 0.00
1412270463 0.00
1412270773 0.04
1412271083 0.04
1412271393 0.00
1412271693 0.03
1412272003 0.00
1412272313 0.00
1412272623 0.03
1412272933 0.01
1412273243 0.00
1412273553 0.02
1412273864 0.00
1412274173 0.00
1412274484 0.00
1412274793 0.00
1412275104 0.00
1412275414 0.00
1412275724 0.00
1412276034 0.00
1412276344 0.02
1412276654 0.02
1412276964 0.43
1412277274 0.10
1412277584 0.17
1412277894 0.49
1412278204 0.13
1412278514 0.14
1412278825 0.02
1412279135 0.00
1412279445 0.00
1412279754 0.05
1412280065 0.08
1412280375 0.02
1412280685 0.08
1412280995 0.08
1412281305 0.08
1412281615 0.15
1412281925 0.08
1412282235 0.08
1412282545 0.16
1412282855 0.00
1412283165 0.00
1412283465 0.01
1412283775 0.04
1412284085 0.00
1412284395 0.00
1412284705 0.00
1412285007 0.04
1412285317 0.00
1412285627 0.00
1412285937 0.00
1412286247 0.00
1412286547 0.00
1412286857 0.00
1412287167 0.00
1412287477 0.00
1412287787 0.00
1412288097 0.00
1412288407 0.00
1412288717 0.00
1412289028 0.00
1412289338 0.00
1412289647 0.00
1412289958 0.00
1412290268 0.00
1412290578 0.03
1412290888 0.01
1412291198 0.00
1412291508 0.00
1412291818 0.19
1412292128 0.08
1412292438 0.08
1412292748 0.08
1412293048 0.08
1412293358 0.08
1412293668 0.08
1412293978 0.20
1412294288 0.00
1412294598 0.00
1412294908 0.00
1412295219 0.00
1412295528 0.02
1412295838 0.00
1412296149 0.00
1412296459 0.00
1412296769 0.00
1412297079 0.00
1412297389 0.00
1412297699 0.08
1412298009 0.00
1412298319 0.00
1412298629 0.04
1412298939 0.00
1412299249 0.01
1412299549 0.00
1412299859 0.03
1412300169 0.00
1412300479 0.00
1412300790 0.00
1412301099 0.01
1412301409 0.00
1412301719 0.00
1412302030 0.00
1412302340 0.06
1412302650 0.00
1412302960 0.00
1412303270 0.00
1412303580 0.00
1412303890 0.00
1412304200 0.00
1412304510 0.00
1412304820 0.00
1412305130 0.03
1412305440 0.00
1412305740 0.00
1412306050 0.04
1412306360 0.01
1412306670 0.00
1412306980 0.06
1412307290 0.00
1412307600 0.00
1412307910 0.08
1412308221 0.08
1412308531 0.14
1412308841 0.08
1412309151 0.08
1412309461 0.00
1412309765 0.08
1412310076 0.08
1412310386 0.08
1412310696 0.08
1412311006 0.00
1412311316 0.03
1412311626 0.00
1412311936 0.00
1412312236 0.01
1412312546 0.00
1412312856 0.00
1412313166 0.00
1412313476 0.00
1412313786 0.08
1412314096 0.00
1412314406 0.00
1412314717 0.04
1412315027 0.00
1412315337 0.01
1412315647 0.00
1412315955 0.00
1412316266 0.01
1412316576 0.00
1412316886 0.00
1412317196 0.00
1412317506 0.00
1412317816 0.00
1412318126 0.03
1412318436 0.00
1412318746 0.00
1412319046 0.00
1412319356 0.04
1412319666 0.00
1412319976 0.00
1412320286 0.00
1412320596 0.00
1412320906 0.00
1412321216 0.00
1412321526 0.00
1412321837 0.00
1412322146 0.00
1412322457 0.00
1412322767 0.00
1412323077 0.00
1412323387 0.91
1412323697 0.01
1412324007 0.03
1412324317 0.00
1412324627 0.00
1412324937 0.00
1412325247 0.00
1412325557 0.00
1412325857 0.07
1412326167 0.00
1412326477 0.00
1412326787 0.00
1412327097 0.00
1412327407 0.01
1412327717 0.08
1412328027 0.00
1412328338 0.08
1412328647 0.13
1412328957 0.18
1412329268 0.17
1412329578 0.08
1412329888 0.09
1412330198 0.04
1412330508 0.02
1412330818 0.00
1412331128 0.00
1412331438 0.03
1412331748 0.00
1412332055 0.00
1412332366 0.00
1412332676 0.00
1412332986 0.00
1412333296 0.00
1412333606 0.00
1412333916 0.00
1412334226 0.00
1412334536 0.00
1412334846 0.00
1412335156 0.00
1412335466 0.00
1412335776 0.00
1412336086 0.00
1412336386 0.08
1412336696 0.08
1412337006 0.08
1412337316 0.31
1412337626 0.08
1412337936 0.08
1412338247 0.08
1412338556 0.08
1412338867 0.01
1412339176 0.00
1412339487 0.00
1412339797 0.00
1412340107 0.05
1412340417 0.00
1412340727 0.02
1412341037 0.02
1412341347 0.00
1412341657 0.00
1412341967 0.00
1412342277 0.00
1412342587 0.00
1412342897 0.01
1412343197 0.00
1412343507 0.00
1412343817 0.00
1412344127 0.00
1412344437 0.05
1412344748 0.00
1412345057 0.00
1412345368 0.00
1412345678 0.00
1412345988 0.00
1412346298 0.00
1412346608 0.00
1412346918 0.00
1412347228 0.00
1412347538 0.02
1412347848 0.06
1412348158 0.13
1412348468 0.00
1412348778 0.01
1412349088 0.00
1412349388 0.00
1412349698 0.00
1412350008 0.00
1412350318 0.00
1412350628 0.01
1412350938 0.00
1412351248 0.00
1412351559 0.00
1412351868 0.00
1412352179 0.08
1412352489 0.00
1412352799 0.08
1412353109 0.08
1412353419 0.11
1412353729 0.08
1412354039 0.10
1412354349 0.16
1412354659 0.08
1412354963 0.00
1412355273 0.00
1412355582 0.00
1412355892 0.01
1412356202 0.00
1412356512 0.00
1412356822 0.00
1412357132 0.00
1412357432 0.00
1412357742 0.00
1412358052 0.00
1412358362 0.00
1412358672 0.00
1412358982 0.03
1412359292 0.00
1412359602 0.00
1412359913 0.08
1412360222 0.00
1412360533 0.08
1412360842 0.13
1412361152 0.08
1412361463 0.10
1412361773 0.08
1412362083 0.08
1412362393 0.08
1412362703 0.16
1412363013 0.00
1412363323 0.00
1412363633 0.03
1412363943 0.00
1412364253 0.02
1412364563 0.00
1412364863 0.00
1412365173 0.00
1412365483 0.00
1412365793 0.00
1412366103 0.00
1412366413 0.00
1412366723 0.00
1412367034 0.00
1412367343 0.00
1412367654 0.00
1412367963 0.01
1412368274 0.00
1412368584 0.00
1412368894 0.00
1412369204 0.00
1412369514 0.00
1412369824 0.01
1412370134 0.01
1412370444 0.00
1412370754 0.00
1412371064 0.05
1412371374 0.00
1412371684 0.02
1412371994 0.00
1412372294 0.00
1412372604 0.00
1412372914 0.00
1412373224 0.00
1412373534 0.00
1412373844 0.00
1412374154 0.00
1412374464 0.00
1412374775 0.00
1412375085 0.00
1412375395 0.00
1412375705 0.00
1412376015 0.00
1412376325 0.08
1412376635 0.08
1412376935 0.14
1412377245 0.13
1412377555 0.08
1412377865 0.08
1412378175 0.08
1412378486 0.08
1412378796 0.08
1412379098 0.01
1412379408 0.00
1412379708 0.00
1412380018 0.00
1412380328 0.00
1412380638 0.07
1412380948 0.04
1412381258 0.00
1412381569 0.00
1412381878 0.06
1412382189 0.00
1412382498 0.00
1412382809 0.00
1412383119 0.00
1412383429 0.00
1412383739 0.00
1412384049 0.02
1412384359 0.08
1412384669 0.08
1412384979 0.08
1412385289 0.08
1412385599 0.08
1412385909 0.14
1412386219 0.08
1412386519 0.08
1412386829 0.06
1412387139 0.00
1412387449 0.05
1412387759 0.04
1412388069 0.00
1412388379 0.00
1412388690 0.00
1412388999 0.30
1412389310 0.02
1412389620 0.00
1412389929 0.00
1412390239 0.00
1412390550 0.00
1412390860 0.00
1412391170 0.00
1412391480 0.02
1412391790 0.00
1412392100 0.00
1412392410 0.07
1412392720 0.00
1412393030 0.00
1412393330 0.00
1412393641 0.00
1412393950 0.12
1412394260 0.07
1412394570 0.13
1412394881 0.46
1412395193 0.20
1412395501 0.02
1412395811 0.19
1412396119 0.39
1412396424 0.11
1412396733 0.11
1412397043 0.10
1412397353 0.00
1412397663 0.00
1412397973 0.02
1412398283 0.00
1412398593 0.04
1412398903 0.00
1412399203 0.00
1412399513 0.00
1412399823 0.00
1412400133 0.00
1412400443 0.12
1412400753 0.01
1412401056 0.00
1412401366 0.09
1412401676 0.00
1412401976 0.08
1412402286 0.11
1412402596 0.09
1412402906 0.12
1412403216 0.08
1412403526 0.08
1412403837 0.08
1412404147 0.09
1412404457 0.03
1412404767 0.00
1412405077 0.00
1412405387 0.00
1412405697 0.00
1412406007 0.03
1412406317 0.00
1412406627 0.05
1412406937 0.01
1412407247 0.07
1412407547 0.05
1412407857 0.00
1412408167 0.01
1412408477 0.00
1412408788 0.00
1412409097 0.01
1412409407 0.02
1412409718 0.00
1412410028 0.04
1412410338 0.01
1412410648 0.00
1412410958 0.02
1412411268 0.00
1412411578 0.00
1412411888 0.08
1412412198 0.01
1412412508 0.00
1412412818 0.00
1412413119 0.01
1412413428 0.00
1412413738 0.00
1412414049 0.01
1412414359 0.00
1412414669 0.01
1412414979 0.00
1412415289 0.00
1412415599 0.00
1412415909 0.00
1412416219 0.15
1412416529 0.24
1412416839 0.08
1412417149 0.08
1412417459 0.09
1412417769 0.08
1412418069 0.08
1412418379 0.08
1412418689 0.08
1412418999 0.08
1412419309 0.00
1412419619 0.01
1412419929 0.00
1412420239 0.06
1412420550 0.02
1412420860 0.00
1412421169 0.01
1412421471 0.00
1412421781 0.06
1412422091 0.00
1412422401 0.00
1412422711 0.00
1412423021 0.00
1412423331 0.00
1412423641 0.00
1412423951 0.15
1412424261 0.00
1412424571 0.00
1412424881 0.00
1412425181 0.06
1412425491 0.00
1412425801 0.00
1412426111 0.00
1412426421 0.00
1412426731 0.00
1412427041 0.03
1412427351 0.15
1412427662 0.09
1412427971 0.03
1412428282 0.01
1412428592 0.13
1412428903 0.33
1412429213 1.73
1412429522 1.32
1412429832 0.20
1412430142 0.31
1412430452 0.09
1412430762 0.31
1412431072 0.10
1412431382 0.08
1412431692 0.08
1412432002 0.08
1412432302 0.08
1412432612 0.08
1412432922 0.18
1412433232 0.00
1412433542 0.00
1412433852 0.00
1412434162 0.00
1412434472 0.00
1412434783 0.00
1412435093 0.00
1412435403 0.00
1412435712 0.00
1412436023 0.00
1412436333 0.00
1412436643 0.00
1412436953 0.00
1412437263 0.06
1412437573 0.00
1412437883 0.07
1412438193 0.08
1412438503 0.08
1412438813 0.22
1412439123 0.06
1412439423 0.20
1412439733 0.00
1412440043 0.00
1412440353 0.00
1412440664 0.00
1412440974 0.00
1412441283 0.07
1412441594 0.00
1412441903 0.00
1412442214 0.00
1412442524 0.00
1412442834 0.10
1412443144 0.02
1412443454 0.00
1412443764 0.06
1412444074 0.00
1412444384 0.00
1412444686 0.00
1412444996 0.00
1412445306 0.00
1412445617 0.00
1412445926 0.00
1412446237 0.00
1412446546 0.00
1412446857 0.01
1412447166 0.04
1412447477 0.00
1412447787 0.00
1412448097 0.00
1412448407 0.00
1412448717 0.06
1412449027 0.01
1412449337 0.00
1412449647 0.00
1412449957 0.06
1412450267 0.00
1412450577 0.00
1412450887 0.00
1412451197 0.00
1412451507 0.00
1412451817 0.00
1412452127 0.00
1412452437 0.00
1412452747 0.07
1412453057 0.02
1412453367 0.00
1412453677 0.00
1412453977 0.00
1412454287 0.00
1412454597 0.07
1412454907 0.06
1412455217 0.00
1412455527 0.00
1412455837 0.00
1412456147 0.11
1412456457 0.00
1412456768 0.01
1412457077 0.00
1412457388 0.08
1412457698 0.08
1412458008 0.00
1412458318 0.00
1412458628 0.00
1412458938 0.08
1412459248 0.08
1412459558 0.08
1412459868 0.10
1412460178 0.08
1412460488 0.12
1412460798 0.08
1412461108 0.00
1412461418 0.04
1412462077 3.00
1412462387 0.54
1412462697 0.00
1412463007 0.00
1412463317 0.08
1412463627 0.42
1412463937 0.17
1412464248 1.05
1412464557 0.63
1412464867 0.11
1412465177 0.11
1412465487 0.08
1412465797 0.09
1412466097 0.10
1412466407 0.08
1412466717 0.09
1412467027 0.00
1412467337 0.07
1412467647 0.00
1412467957 0.00
1412468259 0.00
1412468569 0.00
1412468879 0.00
1412469190 0.08
1412469499 0.00
1412469810 0.01
1412470120 0.01
1412470429 0.00
1412470740 0.00
1412471050 0.00
1412471360 0.00
1412471670 0.03
1412471980 0.00
1412472290 0.00
1412472600 0.00
1412472910 0.04
1412473220 0.00
1412473530 0.00
1412473840 0.00
1412474150 0.00
1412474460 0.00
1412474770 0.00
1412475080 0.00
1412475390 0.00
1412475700 0.08
1412476010 0.08
1412476310 0.09
1412476620 0.08
1412476930 0.08
1412477240 0.08
1412477550 0.08
1412477860 0.08
1412478170 0.08
1412478481 0.08
1412478790 0.16
1412479101 0.00
1412479410 0.00
1412479721 0.02
1412480031 0.00
1412480340 0.00
1412480651 0.00
1412480961 0.00
1412481271 0.00
1412481581 0.00
1412481891 0.00
1412482201 0.00
1412482511 0.02
1412482821 0.02
1412483131 0.00
1412483441 0.00
1412483751 0.00
1412484061 0.00
1412484371 0.00
1412484681 0.00
1412484981 0.04
1412485291 0.00
1412485601 0.00
1412485911 0.00
1412486221 0.04
1412486531 0.00
1412486841 0.00
1412487151 0.00
1412487461 0.08
1412487771 0.12
1412488077 0.00
1412488387 0.00
1412488697 0.04
1412489007 0.00
1412489307 0.02
1412489616 0.00
1412489926 0.00
1412490236 0.00
1412490546 0.04
1412490856 0.00
1412491166 0.00
1412491476 0.00
1412491787 0.00
1412492097 0.00
1412492407 0.00
1412492717 0.00
1412493027 0.00
1412493337 0.00
1412493647 0.03
1412493957 0.03
1412494267 0.02
1412494577 0.01
1412494887 0.00
1412495197 0.00
1412495507 0.00
1412495817 0.00
1412496128 0.84
1412496437 1.55
1412496747 1.14
1412497057 0.08
1412497367 1.02
1412497678 1.56
1412497987 1.60
1412498297 1.51
1412498597 1.33
1412498907 0.07
1412499217 0.00
1412499527 0.00
1412499837 0.00
1412500148 0.00
1412500458 0.00
1412500768 0.00
1412501078 0.04
1412501388 0.00
1412501698 0.02
1412502008 0.00
1412502318 0.01
1412502628 0.00
1412502938 0.00
1412503248 0.05
1412503558 0.00
1412503868 0.00
1412504178 0.00
1412504488 0.02
1412504798 0.02
1412505108 0.01
1412505408 0.00
1412505718 0.00
1412506028 0.01
1412506339 0.00
1412506648 0.00
1412506958 0.00
1412507268 0.06
1412507578 0.00
1412507888 0.01
1412508199 0.00
1412508508 0.00
1412508819 0.00
1412509129 0.00
1412509439 0.01
1412509749 0.00
1412510059 0.00
1412510369 0.00
1412510679 0.00
1412510983 0.02
1412511293 0.00
1412511603 0.00
1412511913 0.00
1412512223 0.04
1412512523 0.03
1412512833 0.00
1412513143 0.00
1412513453 0.01
1412513763 0.06
1412514073 0.00
1412514383 0.00
1412514693 0.00
1412515003 0.00
1412515313 0.00
1412515623 0.03
1412515934 0.00
1412516243 0.02
1412516554 0.00
1412516863 0.00
1412517174 0.00
1412517484 0.08
1412517794 0.01
1412518104 0.08
1412518414 0.00
1412518724 0.15
1412519034 0.08
1412519344 0.08
1412519654 0.08
1412519964 0.13
1412520274 0.08
1412520584 0.08
1412520894 0.08
1412521204 0.02
1412521514 0.04
1412521824 0.00
1412522134 0.00
1412522444 0.00
1412522744 0.20
1412523057 0.06
1412523365 0.12
1412523674 0.81
1412523985 0.06
1412524295 0.00
1412524605 0.00
1412524915 0.00
1412526856 4.50
1412527167 0.30
1412527477 0.04
1412527776 0.00
1412528087 0.00
1412528394 0.00
1412528694 0.00
1412529004 0.00
1412529314 0.00
1412529625 0.00
1412529935 0.03
1412530245 0.02
1412530555 0.10
1412530865 0.00
1412531175 0.00
1412531485 0.00
1412531795 0.00
1412532105 0.00
1412532415 0.00
1412532725 0.06
1412533025 0.07
1412533335 0.01
1412533645 0.00
1412533955 0.00
1412534265 0.01
1412534575 0.00
1412534885 0.12
1412535196 0.00
1412535505 0.07
1412535816 0.00
1412536126 0.12
1412536435 0.04
1412536746 0.04
1412537056 0.02
1412537366 0.00
1412537676 0.12
1412537986 0.01
1412538296 0.02
1412538606 0.03
1412538907 0.08
1412539218 0.08
1412539528 0.10
1412539837 0.00
1412540147 0.00
1412540458 0.00
1412540760 0.00
1412541070 0.00
1412541380 0.07
1412541680 0.07
1412541990 0.00
1412542300 0.06
1412542610 0.01
1412542920 0.03
1412543230 0.00
1412543540 0.00
1412543850 0.00
1412544160 0.00
1412544470 0.00
1412544781 0.00
1412545090 0.01
1412545401 0.00
1412545711 0.00
1412546021 0.08
1412546331 0.08
1412546641 0.08
1412546951 0.08
1412547261 0.10
1412547571 0.08
1412547881 0.08
1412548191 0.08
1412548494 0.14
1412548801 0.00
1412549111 0.04
1412549414 0.00
1412549724 0.00
1412550034 0.00
1412550344 0.00
1412550646 0.02
1412550956 0.00
1412551259 0.00
1412551569 0.00
1412551879 0.00
1412552179 0.04
1412552489 0.11
1412552799 0.12
1412553110 0.08
1412553420 0.08
1412553730 0.15
1412554040 0.16
1412554350 0.08
1412554660 0.08
1412554970 0.08
1412555270 0.00
1412555581 0.00
1412555891 0.00
1412556201 0.00
1412556511 0.01
1412556821 0.00
1412557131 0.01
1412557441 0.00
1412557751 0.00
1412558061 0.02
1412558371 0.00
1412558681 0.00
1412558981 0.01
1412559291 0.05
1412559601 0.00
1412559911 0.00
1412560221 0.15
1412560531 0.08
1412560842 0.02
1412561151 0.00
1412561462 0.00
1412561772 0.03
1412562082 0.01
1412562392 0.01
1412562702 0.00
1412563012 0.01
1412563322 0.04
1412563632 0.00
1412563942 0.45
1412564252 0.23
1412564914 4.25
1412565223 0.02
1412565533 0.00
1412565844 0.00
1412566153 0.00
1412566463 0.06
1412566774 0.00
1412567084 0.00
1412567394 0.00
1412567705 0.03
1412568014 0.00
1412568315 0.00
1412568624 0.09
1412568935 0.25
1412569245 0.00
1412569553 0.17
1412569863 0.00
1412570173 0.01
1412570483 0.02
1412570793 0.00
1412571103 0.00
1412571414 0.00
1412571723 0.00
1412572033 0.00
1412572344 0.04
1412572654 0.00
1412572964 0.00
1412573274 0.01
1412573584 0.00
1412573894 0.01
1412574204 0.03
1412574514 0.00
1412574824 0.00
1412575134 0.11
1412575444 0.10
1412575754 0.29
1412576064 0.08
1412576374 0.08
1412576684 0.08
1412576994 0.09
1412577304 0.16
1412577604 0.12
1412577914 0.08
1412578224 0.08
1412578534 0.04
1412578844 0.21
1412579149 0.01
1412579459 0.03
1412579770 0.03
1412580079 0.02
1412580390 0.00
1412580700 0.00
1412581010 0.00
1412581320 0.00
1412581630 1.16
1412581940 0.54
1412582250 0.00
1412586528 5.33
1412586827 0.05
1412587137 0.00
1412587447 0.00
1412587757 0.08
1412588068 0.16
1412588377 0.09
1412588688 0.08
1412588998 0.21
1412589308 0.08
1412589618 0.08
1412589928 0.06
1412590238 0.02
1412590548 0.93
1412590858 0.01
1412591168 0.00
1412591468 0.02
1412591778 0.00
1412592088 0.01
1412592398 0.00
1412592708 0.02
1412593018 0.00
1412593328 0.00
1412593638 0.00
1412593948 0.01
1412594258 0.00
1412594569 0.00
1412594879 0.03
1412595189 0.00
1412595499 0.01
1412595809 0.00
1412596119 0.00
1412596429 0.00
1412596739 0.00
1412597049 0.01
1412597359 0.05
1412597669 0.00
1412597979 0.00
1412598289 0.05
1412598599 0.00
1412598899 0.05
1412599209 0.01
1412599519 0.04
1412599829 0.01
1412600139 0.02
1412600450 0.50
1412600759 0.66
1412601069 0.13
1412601378 0.04
1412601688 0.00
1412601998 0.00
1412602308 0.01
1412602618 0.00
1412602928 0.03
1412603238 0.05
1412603548 0.00
1412603858 0.00
1412604168 0.00
1412604478 0.00
1412604788 0.01
1412605098 0.00
1412605408 0.01
1412605718 0.00
1412606028 0.00
1412606338 0.01
1412606648 0.00
1412606948 0.00
1412607258 0.00
1412607568 0.00
1412607878 0.00
1412608188 0.16
1412608498 0.00
1412608808 0.06
1412609118 0.14
1412609423 0.06
1412609733 0.00
1412610043 0.00
1412610353 0.04
1412610660 0.07
1412610971 0.00
1412611280 0.00
1412611590 0.00
1412611900 0.04
1412612210 0.00
1412612521 0.00
1412612830 0.00
1412613141 0.01
1412613451 0.00
1412613761 0.00
1412614071 0.04
1412614381 0.00
1412614691 0.02
1412615001 0.00
1412615311 0.00
1412615621 0.00
1412615931 0.07
1412616241 0.00
1412616551 0.00
1412616861 0.00
1412617171 0.05
1412617481 0.00
1412617791 0.01
1412618101 0.00
1412618411 0.00
1412618721 0.00
1412619031 0.09
1412619341 0.00
1412619651 0.02
1412619961 0.00
1412620271 0.00
1412620571 0.01
1412620881 0.00
1412621191 0.00
1412621501 0.04
1412621811 0.00
1412622121 0.00
1412622431 0.00
1412622741 0.01
1412623051 0.00
1412623361 0.00
1412623671 0.02
1412623982 0.00
1412624291 0.00
1412624601 0.00
1412624912 0.00
1412625222 0.19
1412625532 0.08
1412625842 0.08
1412626152 0.55
1412626462 0.09
1412626772 0.08
1412627082 0.13
1412627392 0.08
1412627702 0.16
1412628012 0.24
1412628322 0.00
1412628632 0.00
1412628942 0.00
1412629252 0.03
1412629559 0.02
1412629869 0.08
1412630179 0.00
1412630489 0.00
1412630799 0.00
1412631109 0.02
1412631419 0.03
1412631729 0.00
1412632039 0.00
1412632350 0.00
1412632659 0.02
1412632970 0.03
1412633280 0.00
1412633590 0.00
1412633899 0.00
1412634210 0.00
1412634520 0.00
1412634830 0.00
1412635140 0.00
1412635450 0.00
1412635760 0.00
1412636070 0.00
1412636380 0.00
1412636690 0.12
1412637000 0.07
1412637310 0.08
1412637620 0.10
1412637930 0.08
1412638240 0.08
1412638550 0.11
1412638860 0.08
1412639170 0.09
1412639480 0.09
1412639790 0.11
1412640100 0.00
1412640410 0.00
1412640720 0.00
1412641030 0.00
1412641340 0.00
1412641640 0.00
1412641950 0.00
1412642260 0.00
1412642570 0.00
1412642880 0.04
1412643190 0.00
1412643500 0.00
1412643810 0.00
1412644121 0.01
1412644431 0.00
1412644741 0.06
1412645051 0.00
1412645361 0.01
1412645671 0.00
1412645981 0.04
1412646291 0.00
1412646601 0.00
1412646911 0.00
1412647221 0.00
1412647531 0.00
1412647841 0.03
1412648151 0.00
1412648461 0.00
1412648765 0.01
1412649075 0.00
1412649385 0.01
1412649695 0.02
1412650005 0.00
1412650315 0.00
1412650625 0.00
1412650935 0.00
1412651245 0.00
1412651555 0.08
1412651865 0.06
1412652176 0.00
1412652486 0.07
1412652796 0.03
1412653106 0.03
1412653416 0.00
1412653726 0.00
1412654036 0.01
1412654346 0.00
1412654656 0.04
1412654966 0.06
1412655276 0.01
1412655586 0.00
1412655896 0.00
1412656206 0.00
1412656516 0.01
1412656826 0.00
1412657136 0.00
1412657446 0.00
1412657756 0.00
1412658066 0.03
1412658376 0.00
1412658676 0.06
1412658986 0.00
1412659296 0.03
1412659606 0.08
1412659916 0.08
1412660226 0.08
1412660536 0.08
1412660847 0.29
1412661155 0.02
1412661465 0.06
1412661775 0.11
1412662085 0.00
1412662396 0.03
1412662706 0.17
1412663016 0.16
1412663326 0.14
1412663636 0.09
1412663946 0.08
1412664254 0.01
1412664564 0.00
1412664874 0.08
1412665184 0.07
1412665494 0.00
1412665804 0.12
1412666114 0.01
1412666424 0.00
1412666734 0.02
1412667044 0.03
1412667344 0.00
1412667654 0.00
1412667964 0.06
1412668274 0.00
1412668584 0.00
1412668894 0.00
1412669205 0.02
1412669514 0.08
1412669825 0.00
1412670135 0.02
1412670444 0.01
1412670755 0.08
1412671065 0.13
1412671375 0.08
1412671685 0.08
1412671995 0.08
1412672305 0.10
1412672615 0.10
1412672925 0.08
1412673235 0.17
1412673545 0.02
1412673855 0.00
1412674165 0.00
1412674475 0.03
1412674785 0.02
1412675085 0.00
1412675395 0.02
1412675706 0.01
1412676015 0.00
1412676325 0.00
1412676635 0.07
1412676945 0.00
1412677256 0.28
1412677567 0.30
1412677867 0.51
1412678176 0.05
1412678486 0.31
1412678794 0.32
1412679095 0.07
1412679400 0.02
1412679710 0.00
1412680020 0.03
1412680320 0.06
1412680630 0.08
1412680940 0.00
1412681250 0.00
1412681560 0.01
1412681870 0.22
1412682181 0.09
1412682491 0.00
1412682801 0.02
1412683111 0.00
1412683421 0.00
1412683731 0.09
1412684041 0.00
1412684351 0.00
1412684661 0.04
1412684971 0.03
1412685281 0.01
1412685591 0.00
1412685901 0.05
1412686211 0.00
1412686521 0.00
1412686831 0.00
1412687141 0.05
1412687441 0.01
1412687751 0.00
1412688061 0.00
1412688371 0.00
1412688681 0.00
1412688991 0.00
1412689301 0.19
1414614603 0.05
1414614903 0.62
1414615209 0.00
1414615519 0.00
1414615829 0.85
1414616139 0.04
1414616439 0.77
1414616744 0.14
1414617054 0.17
1414617365 0.41
1414617674 0.06
1414617984 0.00
1414618284 0.14
1414618595 0.04
1414618905 0.00
1414619215 0.10
1414619525 0.04
1414619835 0.03
1414620136 0.09
1414620446 0.00
1414620746 0.00
1414621056 0.04
1414621366 0.00
1414621676 0.00
1414621986 0.23
1414622296 0.00
1414622606 0.00
1414622916 0.10
1414623226 0.09
1414623536 0.11
1414623847 0.09
1414624155 0.09
1414624465 0.00
1414624775 0.12
1414625085 0.07
1414625395 0.00
1414625705 0.00
1414626015 0.11
1414626325 0.03
1414626635 0.00
1414626945 0.00
1414627255 0.00
1414627555 0.12
1414627865 0.00
1414628175 0.00
1414628485 0.04
1414628795 0.05
1414629105 0.26
1414629416 0.09
1414629726 0.08
1414630035 0.18
1414630346 0.08
1414630656 0.08
1414630966 0.22
1414631276 0.12
1414631586 0.14
1414631896 0.08
1414632206 0.09
1414632516 0.00
1414632826 0.01
1414633136 0.02
1414633446 0.00
1414633746 0.02
1414634056 0.01
1414634366 0.00
1414634676 0.07
1414634987 0.00
1414635297 0.01
1414635604 0.07
1414635915 0.08
1414636224 0.30
1414636535 0.08
1414636845 0.19
1414637155 0.15
1414637465 0.08
1414637775 0.16
1414638085 0.08
1414638399 1.23
1414638706 0.20
1414639015 0.04
1414639325 0.02
1414639635 0.00
1414639945 0.05
1414640255 0.02
1414640555 0.05
1414640865 0.02
1414641175 0.13
1414641486 0.00
1414641786 0.06
1414642096 0.00
1414642406 0.12
1414642717 0.02
1414643026 0.00
1414643336 0.04
1414643873 4.67
1414644183 0.31
1414644493 0.16
1414644803 0.40
1414645113 0.21
1414645423 0.08
1414645733 0.09
1414646043 0.08
1414646353 0.08
1414646653 0.08
1414646963 0.14
1414647273 0.55
1414647583 0.09
1414647894 1.29
1414648204 1.61
1414648514 1.56
1414648824 1.37
1414649134 1.71
1414649444 1.38
1414649754 0.64
1414650305 5.01
1414650614 0.10
1414650924 0.00
1414651235 0.08
1414651545 0.00
1414651855 0.00
1414652165 0.00
1414652475 0.01
1414652778 0.00
1414653088 0.08
1414653398 0.00
1414653708 0.00
1414654008 0.11
1414654318 0.00
1414654628 0.00
1414654938 0.02
1414655248 0.00
1414655558 0.00
1414655868 0.00
1414656179 1.06
1414656489 0.04
1414656799 0.00
1414657108 0.00
1414657419 0.02
1414657729 0.00
1414658039 0.00
1414658349 0.00
1414658659 0.00
1414658969 0.00
1414659279 0.00
1414659589 0.08
1414659899 0.00
1414660209 0.00
1414660519 0.01
1414660821 0.66
1414661124 0.89
1414661433 0.02
1414661744 0.07
1414662054 0.00
1414662364 0.00
1414662674 0.00
1414662984 0.01
1414663294 0.00
1414663604 1.82
1414663914 0.12
1414664224 0.04
1414664534 0.00
1414664844 0.18
1414665154 0.03
1414665464 0.08
1414665774 0.00
1414666084 0.08
1414666394 0.08
1414666704 0.12
1414667004 0.08
1414667314 0.00
1414667624 0.08
1414667934 0.08
1414668244 0.17
1414668555 0.11
1414668865 0.01
1414669168 0.00
1414669478 0.00
1414669788 0.08
1414670098 0.12
1414670408 0.08
1414670718 0.08
1414671029 0.08
1414671338 0.08
1414671649 0.14
1414671959 0.25
1414672269 0.08
1414672579 0.16
1414672889 0.00
1414673199 0.01
1414673509 0.00
1414673819 0.00
1414674129 0.00
1414674439 0.00
1414674749 0.00
1414675059 0.00
1414675369 0.00
1414675679 0.03
1414675989 0.01
1414676299 0.00
1414676609 0.00
1414676909 0.00
1414677219 0.08
1414677529 0.00
1414677839 0.01
1414678149 0.00
1414678459 0.00
1414678770 0.00
1414679079 0.00
1414679389 0.05
1414679699 0.07
1414680009 0.00
1414680320 0.00
1414680630 0.06
1414680940 0.01
1414681250 0.02
1414681560 0.00
1414681870 0.01
1414682180 0.00
1414682490 0.00
1414682800 0.10
1414683110 0.00
1414683420 0.00
1414683721 0.01
1414684030 0.00
1414684340 0.03
1414684650 0.17
1414684961 0.02
1414685271 0.04
1414685572 0.07
1414685882 0.00
1414686192 0.01
1414686502 0.01
1414686812 0.01
1414687122 0.00
1414687433 0.00
1414687743 0.00
1414688053 0.00
1414688363 0.00
1414688673 0.00
1414688977 0.00
1414689287 0.00
1414689597 0.00
1414689907 0.17
1414690217 0.06
1414690527 0.01
1414690837 0.00
1414691147 0.00
1414691457 0.01
1414691767 0.00
1414692077 0.00
1414692387 0.00
1414692697 0.01
1414693007 0.03
1414693317 0.00
1414693627 0.07
1414693937 0.00
1414694247 0.06
1414694557 0.00
1414694868 0.01
1414695178 0.00
1414695488 0.02
1414695798 0.00
1414696108 0.08
1414696420 0.37
1414696719 1.51
1414697028 1.26
1414697340 0.57
1414697646 0.00
1414697946 0.12
1414698256 0.00
1414698567 0.00
1414698877 0.00
1414699187 0.00
1414699497 0.01
1414699806 0.08
1414700116 0.00
1414700426 0.00
1414700736 0.55
1414701046 0.09
1414701356 0.04
1414701666 0.02
1414701978 0.04
1414702286 0.00
1414702596 0.02
1414702896 0.00
1414703206 0.05
1414703516 0.00
1414703826 0.02
1414704136 0.00
1414704446 0.01
1414704756 0.00
1414705067 0.00
1414705377 0.03
1414705687 0.11
1414705997 1.35
1414706310 0.97
1414706621 2.74
1414706915 1.56
1414707215 1.63
1414707517 1.72
1414707817 1.32
1414708118 1.30
1414708420 1.16
1414708722 1.18
1414709031 1.16
1414709333 1.45
1414709633 1.25
1414709936 1.29
1414710237 1.35
1414710539 1.50
1414710841 1.17
1414711158 1.60
1414711444 1.28
1414711745 1.50
1414712045 1.15
1414712347 1.23
1414712647 1.85
1414712949 1.30
1414713259 1.54
1414713562 1.40
1414713861 1.25
1414714162 1.24
1414714464 1.26
1414714764 1.09
1414715065 1.31
1414715372 1.89
1414715666 1.02
1414715976 1.34
1414716277 1.19
1414716579 1.37
1414716879 1.14
1414717190 1.20
1414717491 1.21
1414717801 1.22
1414718102 1.21
1414718403 1.17
1414718727 1.89
1414719015 1.16
1414719324 1.15
1414719634 1.17
1414719935 1.05
1414720246 1.22
1414720546 1.28
1414720856 1.32
1414721157 1.27
1414721467 1.07
1414721777 1.13
1414722078 1.04
1414722394 1.70
1414722691 1.71
1414722999 1.03
1414723300 1.01
1414723612 1.12
1414723910 1.33
1414724221 1.16
1414724531 1.11
1414724834 1.17
1414725142 1.27
1414725443 1.12
1414725754 1.11
1414726065 1.18
1414726364 1.01
1414726665 1.21
1414726975 1.10
1414727276 1.10
1414727576 1.02
1414727887 1.13
1414728198 1.65
1414728500 1.45
1414728799 1.46
1414729100 1.38
1414729401 1.07
1414729705 1.35
1414730003 1.06
1414730304 1.06
1414730605 1.11
1414730916 1.06
1414731219 1.13
1414731528 1.11
1414731843 1.69
1414732142 1.30
1414732446 1.59
1414733057 7.59
1414744182 3.20
1414744488 2.50
1414744789 2.15
1414745099 2.28
1414746379 2.14
1414746681 2.13
1414746980 2.04
1414747292 2.14
1414747906 15.12
1414748202 1.33
1414748512 1.20
1414748813 1.05
1414852907 55.51
1414862305 2.06
1414862616 2.00
1414862926 2.07
1414863236 2.03
1414863537 2.51
1414863846 2.04
1414864156 2.00
1414864466 2.03
1414864776 2.18
1414865076 2.07
1414865386 2.28
1414865697 2.11
1414866007 2.21
1414866323 2.66
1414866618 2.02
1414866927 2.05
1414867241 2.20
1415205092 3.64
1415205393 0.29
1415205703 0.16
1415206003 0.77
1415206314 1.21
1415206629 1.82
1415206934 1.64
1415207244 1.27
1415207554 1.35
1415207864 1.32
1415208164 1.18
1415208474 0.36
1415208784 0.20
1415209095 1.11
1415209405 1.53
1415209715 0.37
1415210025 0.00
1415210335 0.08
1415210645 0.19
1415210955 0.15
1415211265 0.06
1415211575 0.03
1415211885 0.34
1415212196 0.30
1415212505 0.16
1415212815 0.08
1415213125 0.08
1415213436 1.56
1415213738 1.82
1415214046 0.18
1415214356 0.08
1415214666 0.19
1415214976 0.07
1415215286 0.01
1415215596 0.00
1415215906 0.33
1415216216 0.00
1415216526 0.06
1415216836 0.00
1415217146 0.00
1415217456 0.00
1415217766 0.09
1415218072 0.03
1415218382 0.00
1415218692 0.00
1415219002 0.00
1415219312 0.00
1415219622 0.02
1415219932 0.00
1415220242 0.00
1415220552 0.00
1415220852 0.00
1415221163 0.00
1415221473 0.06
1415221783 0.00
1415222093 0.00
1415222403 0.00
1415222713 0.00
1415223023 0.02
1415223333 0.02
1415223643 0.00
1415223953 0.00
1415224263 0.00
1415224573 0.01
1415224883 0.00
1415225193 0.04
1415225503 0.08
1415225817 0.59
1415226123 0.08
1415226433 0.16
1415226733 0.23
1415227043 0.15
1415227354 0.09
1415227663 0.10
1415227973 0.16
1415228284 0.08
1415228594 0.16
1415228904 0.06
1415235991 3.79
1415236289 0.42
1415236600 0.00
1415236910 0.03
1415237220 0.09
1415237530 0.13
1415237841 0.07
1415238151 0.07
1415238456 0.33
1415238767 0.11
1415239077 0.08
1415239386 0.11
1415239696 0.28
1415240007 0.08
1415240316 0.00
1415240627 0.00
1415240937 0.00
1415241247 0.03
1415241557 0.01
1415241867 0.00
1415242177 0.03
1415242487 0.01
1415242797 0.00
1415243107 0.08
1415243407 0.02
1415243717 0.00
1415244027 0.00
1415244337 0.00
1415244647 0.00
1415244957 0.00
1415245267 0.00
1415245577 0.00
1415245888 0.00
1415246198 0.00
1415246508 0.00
1415246817 0.21
1415247128 0.16
1415247438 0.03
1415247748 0.00
1415248058 0.07
1415248368 0.00
1415248678 0.05
1415248989 0.05
1415249288 0.02
1415249598 0.07
1415249908 0.01
1415250219 0.00
1415250529 0.07
1415250839 0.00
1415251149 0.00
1415251460 0.13
1415251760 0.16
1415252070 0.08
1415252380 0.10
1415252690 0.78
1415253000 0.81
1415253310 0.67
1415253620 0.66
1415253930 0.76
1415254230 0.99
1415254541 0.99
1415254850 0.03
1415255160 0.02
1415255470 0.00
1415255781 0.00
1415256091 0.00
1415256401 0.00
1415256711 0.04
1415257023 0.87
1415407989 3.90
1415408297 0.29
1415408607 0.00
1415408917 0.00
1415409227 0.00
1415409537 0.00
1415409847 0.04
1415410157 0.00
1415410468 0.00
1415410777 0.00
1415411088 0.00
1415411397 0.00
1415411707 0.08
1415412017 0.98
1415412328 1.48
1415412638 1.61
1415412948 1.43
1415413258 1.36
1415413568 0.19
1415413878 0.00
1415414188 0.07
1415414498 0.00
1415414808 0.00
1415415108 0.01
1415415418 0.05
1415415728 0.00
1415416038 0.01
1415416348 0.00
1415416658 0.00
1415416968 0.00
1415417278 0.00
1415417588 0.00
1415417898 0.00
1415418208 0.00
1415418518 0.00
1415418828 0.12
1415419138 0.02
1415419448 0.07
1415419758 0.00
1415420068 0.00
1415420378 0.00
1415420688 0.08
1415420996 0.01
1415421306 0.00
1415421616 0.00
1415421916 0.00
1415422226 0.00
1415422536 0.02
1415422846 0.04
1415423156 0.04
1415423466 0.00
1415423776 0.00
1415424086 0.00
1415424395 0.01
1415424705 0.04
1415425015 0.00
1415425325 0.09
1415425625 0.04
1415425935 0.04
1415426245 0.00
1415426555 0.00
1415426865 0.02
1415427175 0.02
1415427485 0.00
1415427795 0.00
1415428105 0.02
1415428415 0.01
1415428725 0.00
1415429035 0.08
1415429345 0.00
1415429655 0.05
1415429965 0.04
1415430276 0.03
1415430586 0.00
1415430896 0.02
1415431205 0.00
1415431516 0.02
1415431826 0.22
1415432136 0.24
1415432446 0.06
1415432756 0.00
1415433066 0.00
1415433376 0.03
1415433686 0.04
1415433996 0.00
1415434306 0.04
1415434616 0.00
1415434926 0.00
1415435226 0.08
1415435536 0.02
1415435846 0.08
1415436156 0.08
1415436466 0.08
1415436776 0.08
1415437086 0.08
1415437396 0.31
1415437706 0.08
1415438016 0.00
1415438326 0.00
1415438636 0.00
1415438947 0.00
1415439248 0.00
1415439558 0.02
1415439869 0.00
1415440178 0.00
1415440488 0.05
1415440798 0.03
1415441109 0.05
1415441418 0.00
1415441728 0.02
1415442039 0.00
1415442349 0.05
1415442659 0.00
1415442969 0.00
1415443279 0.05
1415443589 0.06
1415443899 0.00
1415444209 0.01
1415444519 0.00
1415444829 0.00
1415445129 0.01
1415445439 0.00
1415445749 0.00
1415446059 0.00
1415446369 0.00
1415446679 0.00
1415446989 0.06
1415447299 0.10
1415447609 0.17
1415447919 0.10
1415448229 0.08
1415448539 0.29
1415448850 0.08
1415449160 0.00
1415449470 0.00
1415449780 0.43
1415450090 0.34
1415450400 0.14
1415450710 0.22
1415451020 0.40
1415451320 0.28
1415451630 0.35
1415451940 0.16
1415452250 0.19
1415452560 0.08
1415452870 0.32
1415453180 0.32
1415453490 0.21
1415453800 0.31
1415454110 0.47
1415454421 0.46
1415454730 0.43
1415455041 0.31
1415455351 0.50
1415455661 0.51
1415455971 0.69
1415456281 0.46
1415456591 0.64
1415456901 1.08
1415457211 0.31
1415457511 0.64
1415457821 0.02
1415458131 0.29
1415458441 0.42
1415458751 0.28
1415459061 0.26
1415459371 0.34
1415459681 0.21
1415459991 0.29
1415460301 0.53
1415460611 0.38
1415460921 0.37
1415461232 0.32
1415461541 0.56
1415461852 0.45
1415462162 0.31
1415462472 0.58
1415462782 0.51
1415463092 0.38
1415463402 0.49
1415463712 0.39
1415464012 0.57
1415464322 0.49
1415464632 0.34
1415464935 0.30
1415465245 0.68
1415465546 1.29
1415465855 0.96
1415466166 0.68
1415466476 0.02
1415466779 0.00
1415467087 0.00
1415467397 0.02
1415467707 0.00
1415468017 0.01
1415468327 0.00
1415468637 0.02
1415468947 0.00
1415469257 0.15
1415469567 0.02
1415469877 0.00
1415470187 0.01
1415470497 0.02
1415470808 0.00
1415471117 0.00
1415471427 0.00
1415471737 0.02
1415472047 0.01
1415472357 0.00
1415472667 0.08
1415472977 0.02
1415473287 0.30
1415473598 0.02
1415473904 0.53
1415474213 0.39
1415474523 0.06
1415474833 0.03
1415475143 0.01
1415475453 0.02
1415475763 0.04
1415476073 0.10
1415476383 0.17
1415476693 0.07
1415477003 1.03
1415477313 0.07
1415477623 0.07
1415477933 0.10
1415478243 0.03
1415478553 0.03
1415478863 0.04
1415479173 0.08
1415479484 0.06
1415479793 0.02
1415480103 0.19
1415480414 0.13
1415480723 0.10
1415481034 0.10
1415481343 0.05
1415481654 0.02
1415481964 0.05
1415482274 0.07
1415482584 0.16
1415482894 0.11
1415483204 0.08
1415483514 0.16
1415483824 0.28
1415484134 0.29
1415484444 0.17
1415484754 0.22
1415485054 0.30
1415485364 0.29
1415485674 0.22
1415485984 0.08
1415486294 0.18
1415486604 0.08
1415486914 0.15
1415487224 0.21
1415487534 0.13
1415487844 0.05
1415488154 0.73
1415488461 0.12
1415488770 0.20
1415489080 0.19
1415489390 0.06
1415489700 0.09
1415490010 0.06
1415490320 0.06
1415490630 0.15
1415490940 0.12
1415491250 0.05
1415491560 0.06
1415491870 0.10
1415492180 0.06
1415492490 0.11
1415492800 0.05
1415493110 0.15
1415493420 0.13
1415493730 0.15
1415494040 0.15
1415494350 0.09
1415494660 0.05
1415494970 0.08
1415495280 0.10
1415495591 0.09
1415495900 0.06
1415496210 0.09
1415496520 0.10
1415496830 0.12
1415497140 0.05
1415497450 0.06
1415497760 0.08
1415498070 0.19
1415498380 0.09
1415498690 0.02
1415499000 0.06
1415499310 0.08
1415499620 0.12
1415499930 0.08
1415500241 0.13
1415500550 0.10
1415500860 0.08
1415501170 0.17
1415501480 0.03
1415501790 0.18
1415502100 0.04
1415502410 0.06
1415502720 0.04
1415503030 0.07
1415503340 0.15
1415503650 0.07
1415503960 0.03
1415504270 0.10
1415504580 0.07
1415504890 0.06
1415505200 0.26
1415505510 0.15
1415505820 0.11
1415506130 0.16
1415506440 0.20
1415506751 0.17
1415507060 0.10
1415507370 0.17
1415507680 0.15
1415507990 0.18
1415508300 0.44
1415508611 0.72
1415508921 0.33
1415509230 0.04
1415509540 0.10
1415509850 0.08
1415510160 0.05
1415510470 0.07
1415510780 0.34
1415511090 0.28
1415511400 0.11
1415511710 0.05
1415512015 1.57
1415512324 0.53
1415512634 0.33
1415512944 0.21
1415513255 1.61
1415513564 0.42
1415513874 0.14
1415514184 0.17
1415514494 0.25
1415514804 0.21
1415515115 0.18
1415515424 0.14
1415515734 0.05
1415516044 0.22
1415516354 0.03
1415516664 0.10
1415516974 0.35
1415517284 0.12
1415517594 0.05
1415517904 0.06
1415518214 0.07
1415518524 0.09
1415518834 0.15
1415519144 0.13
1415519454 0.04
1415519764 0.10
1415520074 0.02
1415520384 0.08
1415520694 0.06
1415521004 0.14
1415521314 0.12
1415521624 0.01
1415521934 0.02
1415522244 0.07
1415522549 0.10
1415522859 0.14
1415523169 0.16
1415523479 0.03
1415523789 1.39
1415524099 0.83
1415524409 0.06
1415524718 0.08
1415525029 1.40
1415525339 1.49
1415525649 1.62
1415525959 1.59
1415526269 1.35
1415526579 0.16
1415526889 0.09
1415527199 0.08
1415527509 0.13
1415527819 0.13
1415528129 0.05
1415528439 0.12
1415528749 0.02
1415529059 0.22
1415529369 0.16
1415529679 0.12
1415529989 0.08
1415530299 0.02
1415530608 0.14
1415530919 0.06
1415531229 0.10
1415531538 0.13
1415531849 0.13
1415532158 0.07
1415532469 0.06
1415532778 0.09
1415533089 0.11
1415533398 0.06
1415533709 0.09
1415534019 0.13
1415534328 0.03
1415534639 0.17
1415534948 0.11
1415535259 0.05
1415535568 0.05
1415535878 0.03
1415536189 0.12
1415536498 0.16
1415536808 0.11
1415537119 0.06
1415537428 0.06
1415537739 0.08
1415538048 0.10
1415538358 0.43
1415538668 0.04
1415538978 0.09
1415539288 0.06
1415539598 0.12
1415539908 0.15
1415540218 0.12
1415540528 0.02
1415540838 0.06
1415541148 0.24
1415541458 0.08
1415541768 0.11
1415542078 0.10
1415542388 0.02
1415542698 0.08
1415543008 0.09
1415543318 0.12
1415543628 0.08
1415543938 0.06
1415544248 0.07
1415544558 0.05
1415544868 0.28
1415545178 0.05
1415545488 0.04
1415545798 0.08
1415546108 0.08
1415546418 0.17
1415546728 0.04
1415547038 0.04
1415547348 0.05
1415547658 0.03
1415547968 0.09
1415548278 0.25
1415548588 0.05
1415548898 0.06
1415549208 0.09
1415549518 0.09
1415549828 0.12
1415550138 0.04
1415550448 0.02
1415550758 0.07
1415551068 0.07
1415551378 0.12
1415551688 0.05
1415551998 0.11
1415552308 0.08
1415552618 0.19
1415552928 0.16
1415553238 0.27
1415553548 0.13
1415553858 0.11
1415554168 0.10
1415554478 0.18
1415554788 0.20
1415555098 0.15
1415555408 0.16
1415555718 0.16
1415556028 0.27
1415556338 0.20
1415556648 0.14
1415556958 0.31
1415557268 0.11
1415557578 0.09
1415557883 0.22
1415558193 0.29
1415558503 0.31
1415558813 0.18
1415559123 0.12
1415559433 0.04
1415559743 0.06
1415560053 0.27
1415560363 0.23
1415560672 0.13
1415560983 0.10
1415561292 0.26
1415561603 0.27
1415561912 0.12
1415562223 0.07
1415562533 0.19
1415562842 0.15
1415563153 0.16
1415563463 0.15
1415563772 0.34
1415564083 0.32
1415564392 0.13
1415564703 0.07
1415565012 0.43
1415565323 0.13
1415565632 0.13
1415565943 0.14
1415566252 0.06
1415566562 0.19
1415566872 0.13
1415567182 0.14
1415567493 0.12
1415567802 0.07
1415568113 0.11
1415568422 0.22
1415568732 0.08
1415569042 0.11
1415569352 0.15
1415569662 0.21
1415569972 0.13
1415570282 0.16
1415570592 0.11
1415570902 0.33
1415571212 0.24
1415571522 0.11
1415571832 0.10
1415572142 0.14
1415572452 0.31
1415572762 0.06
1415573072 0.15
1415573382 0.11
1415573692 0.50
1415574002 0.14
1415574312 0.04
1415574622 0.10
1415574932 0.11
1415575242 0.05
1415575552 0.13
1415575862 0.08
1415576172 0.11
1415576482 0.04
1415576789 0.07
1415577099 0.08
1415577409 0.10
1415577719 0.05
1415578029 0.06
1415578339 0.07
1415578649 0.09
1415578959 0.05
1415579259 0.12
1415579569 0.09
1415579879 0.11
1415580189 0.14
1415580499 0.02
1415580809 0.31
1415581119 0.25
1415581429 0.12
1415581739 0.07
1415582049 0.08
1415582359 0.18
1415582669 0.36
1415582979 0.11
1415583289 0.20
1415583599 0.17
1415583909 0.28
1415584219 0.18
1415584529 0.18
1415584839 0.30
1415598324 2.59
1415598633 0.02
1415598943 0.06
1415599253 0.07
1415599564 0.05
1415599873 0.02
1415600183 0.00
1415600488 1.55
1417235308 0.98
1417235612 1.75
1417235922 0.01
1417236232 0.08
1417236542 0.09
