1410716556 285208576
1410716866 289169408
1410717177 290779136
1410717487 291524608
1410717797 291745792
1410718107 291430400
1410718417 291618816
1410718717 291713024
1410719027 291409920
1410719337 291737600
1410719647 291717120
1410719957 291409920
1410720267 291823616
1410720577 291663872
1410720887 291602432
1410721197 291819520
1410721502 304025600
1410721811 322351104
1410722114 319791104
1410722424 316923904
1410722734 314761216
1410723044 312758272
1410723354 290021376
1410723665 290238464
1410723975 289910784
1410724285 289984512
1410724595 289931264
1410724905 290230272
1410725215 275410944
1410725525 275750912
1410725825 275578880
1410726135 275529728
1410726445 275480576
1410726755 276037632
1410727065 275570688
1410727375 275898368
1410727686 275562496
1410727996 275521536
1410728306 275591168
1410728616 275533824
1410728926 275865600
1410729236 275443712
1410729546 275779584
1410729856 275468288
1410730166 275673088
1410730466 275513344
1410730776 275832832
1410731086 275664896
1410731397 275660800
1410731706 275603456
1410732016 275439616
1410732326 275890176
1410732636 275582976
1410732947 275529728
1410733256 275607552
1410733567 275812352
1410733877 275628032
1410734187 275705856
1410734497 275537920
1410734807 275468288
1410735117 275918848
1410735427 275378176
1410735737 275824640
1410736047 275517440
1410736357 275730432
1410736667 275787776
1410736967 275632128
1410737277 275849216
1410737587 275660800
1410737897 275861504
1410738207 275546112
1410738517 275636224
1410738827 275963904
1410739137 275640320
1410739448 275570688
1410739757 275910656
1410740067 275603456
1410740377 275574784
1410740688 275763200
1410740998 275464192
1410741308 275533824
1410741618 275607552
1410741928 275681280
1410742238 275886080
1410742548 275587072
1410742858 275537920
1410743168 275726336
1410743478 275546112
1410743788 275750912
1410744098 275701760
1410744398 275656704
1410744708 275742720
1410745018 275685376
1410745328 275636224
1410745638 275714048
1410745948 275918848
1410746258 275738624
1410746568 275808256
1410746878 275632128
1410747188 276422656
1410747498 279740416
1410748464 208551936
1410748774 290070528
1410749084 213831680
1410749394 202575872
1410749704 327380992
1410750014 234074112
1410750324 249606144
1410750634 175689728
1410750934 176373760
1410751244 176066560
1410751554 176275456
1410751864 179183616
1410752174 179388416
1410752484 179068928
1410752794 179646464
1410753104 179486720
1410753414 179183616
1410753724 179343360
1410754034 179298304
1410754344 179105792
1410754654 179433472
1410754964 179265536
1410755274 179200000
1410755584 179150848
1410755895 179494912
1410756205 179298304
1410756515 179507200
1410756825 179212288
1410757135 179294208
1410757445 179474432
1410757755 179302400
1410758065 179380224
1410758371 187355136
1410758681 187564032
1410758991 187260928
1410759301 187453440
1410759611 187404288
1410759922 187482112
1410760232 187301888
1410760542 187387904
1410760852 187686912
1410761162 187777024
1410761472 187715584
1410761782 187797504
1410762092 188125184
1410762402 187682816
1410762712 187645952
1410763022 187969536
1410763332 187789312
1410763642 187740160
1410763952 187928576
1410764262 187752448
1410764572 187695104
1410764882 187772928
1410765192 187719680
1410765502 187670528
1410765812 187748352
1410766122 187703296
1410766432 187789312
1410766732 187736064
1410767042 187822080
1410767352 187772928
1410767662 187715584
1410767972 187805696
1410768283 198918144
1410768592 237727744
1410768902 233676800
1410769212 233357312
1410769522 233435136
1410769832 227328000
1410770142 227151872
1410770452 227086336
1410770763 227180544
1410771073 227000320
1410771383 227323904
1410771693 227184640
1410772003 227004416
1410772313 227090432
1410772623 226910208
1410772933 227115008
1410773243 226803712
1410773553 226664448
1410773863 226607104
1410774173 226549760
1410774483 226512896
1410774793 226463744
1410775103 226279424
1410775413 226611200
1410775723 226566144
1410776033 226648064
1410776343 226713600
1410776653 226422784
1410776963 225738752
1410777273 225943552
1410777583 225648640
1410777893 225591296
1410778203 225935360
1410778503 225767424
1410778813 226091008
1410779123 225787904
1410779433 225865728
1410779743 225562624
1410780053 225894400
1410780363 225972224
1410780673 225251328
1410780983 225337344
1410781293 225288192
1410781603 225230848
1410781913 225181696
1410782223 225259520
1410782533 222932992
1410782843 222892032
1410783153 222834688
1410783463 222785536
1410783773 222744576
1410784083 222949376
1410784393 222896128
1410784704 222961664
1410785014 222785536
1410785324 222994432
1410785634 222801920
1410785944 222638080
1410786254 222695424
1410786564 222908416
1410786874 222859264
1410787184 222683136
1410787494 222769152
1410787804 222842880
1410788114 222920704
1410788424 222879744
1410788734 222564352
1410789044 222646272
1410789354 222720000
1410789661 222900224
1410789971 222466048
1410790281 222429184
1410790591 222875648
1410790901 222441472
1410791211 222777344
1410791511 222375936
1410791821 222834688
1410792131 222658560
1410792441 222617600
1410792751 222822400
1410793061 222519296
1410793371 222724096
1410793681 222547968
1410793991 222625792
1410794301 222584832
1410794611 222408704
1410794921 221872128
1410795231 221941760
1410795541 221773824
1410795851 221847552
1410796161 221929472
1410796471 222003200
1410796781 222064640
1410797091 221749248
1410797402 221966336
1410797711 221925376
1410798022 222130176
1410798332 221704192
1410798641 221913088
1410798952 221794304
1410799262 221835264
1410799572 222117888
1410799882 221851648
1410800192 222085120
1410800502 221876224
1410800812 222109696
1410801122 221937664
1410801432 221933568
1410801742 221941760
1410802052 222089216
1410802362 221458432
1410802672 221458432
1410802982 221769728
1410803292 221528064
1410803602 221417472
1410803912 221798400
1410804212 219516928
1410804522 304054272
1410804832 263598080
1410805142 263852032
1410805452 264163328
1410805762 264093696
1410806072 263979008
1410806382 264134656
1410806692 264167424
1410807002 263925760
1410807312 264200192
1410807622 264065024
1410807932 264245248
1410808242 264269824
1410808552 264187904
1410808862 264245248
1410809172 264048640
1410809482 263450624
1410809792 263712768
1410810102 263602176
1410810412 263622656
1410810723 263643136
1410811033 263561216
1410811343 263688192
1410811653 263565312
1410811963 263565312
1410812273 263536640
1410812583 263659520
1410812893 264941568
1410813203 259719168
1410813513 259399680
1410813823 259477504
1410814133 259436544
1410814443 259514368
1410814753 259317760
1410815063 259391488
1410815373 259477504
1410815683 259411968
1410815993 259497984
1410816303 259575808
1410816613 259522560
1410816923 259481600
1410817233 259440640
1410817533 259645440
1410817843 259612672
1410818153 259428352
1410818463 259751936
1410818773 259584000
1410819083 259399680
1410819393 259477504
1410819703 259436544
1410820013 259641344
1410820323 259461120
1410820633 259276800
1410820934 259608576
1410821244 259301376
1410821554 259751936
1410821864 259457024
1410822174 259522560
1410822484 259481600
1410822794 259813376
1410823104 259518464
1410823414 259596288
1410823724 278102016
1410824034 258723840
1410824344 258555904
1410824654 258367488
1410824964 258445312
1410825274 258531328
1410825584 258473984
1410825894 258674688
1410826205 258498560
1410826514 258707456
1410826825 258662400
1410827134 258494464
1410827444 258678784
1410827755 259411968
1410828064 259252224
1410828375 259350528
1410828685 259182592
1410828995 259354624
1410829305 259305472
1410829615 259203072
1410829925 259379200
1410830235 259170304
1410830545 259088384
1410830855 259182592
1410831165 259293184
1410831475 259379200
1410831785 259129344
1410832095 259256320
1410832405 259256320
1410832715 259289088
1410833025 259231744
1410833335 258985984
1410833645 259223552
1410833955 259153920
1410834255 259248128
1410834565 259338240
1410834875 259330048
1410835185 259350528
1410835495 259723264
1410835805 259346432
1410836115 259629056
1410836425 259293184
1410836735 259162112
1410837045 259198976
1410837355 259358720
1410837665 259170304
1410837975 259461120
1410838285 259342336
1410838595 259268608
1410838905 259293184
1410839215 259575808
1410839525 259366912
1410839835 259317760
1410840146 259567616
1410840455 259407872
1410840765 259641344
1410841075 259637248
1410841386 259485696
1410841696 286736384
1410842006 258031616
1410842316 258027520
1410842626 258428928
1410842936 258265088
1410843246 258420736
1410843556 258359296
1410843866 257982464
1410844176 258277376
1410844486 258080768
1410844796 258154496
1410845106 258351104
1410845416 258211840
1410845726 258093056
1410846036 258002944
1410846346 258121728
1410846656 258150400
1410846966 258232320
1410847266 258236416
1410847576 258289664
1410847886 258080768
1410848196 258142208
1410848506 258138112
1410848816 258445312
1410849126 258478080
1410849436 258240512
1410849746 258379776
1410850056 258170880
1410850366 258412544
1410850673 258179072
1410850983 258273280
1410851293 258387968
1410851603 258170880
1410851913 258191360
1410852223 258088960
1410852533 258469888
1410852843 266215424
1410853153 265949184
1410853463 265752576
1410853774 265871360
1410854084 265830400
1410854394 265859072
1410854704 275709952
1410855014 274919424
1410855324 274522112
1410855634 274714624
1410855944 274669568
1410856254 273756160
1410856564 273846272
1410856874 273760256
1410857184 274079744
1410857494 273682432
1410857804 273772544
1410858114 273846272
1410858424 273678336
1410858734 273698816
1410859044 273735680
1410859354 274046976
1410859664 273686528
1410859974 274128896
1410860284 273973248
1410860584 273985536
1410860894 273797120
1410861204 273928192
1410861514 273764352
1410861824 273809408
1410862134 273727488
1410862444 273735680
1410862754 273813504
1410863064 273993728
1410863374 273981440
1410863684 273588224
1410863994 275951616
1410864304 289923072
1410864614 293765120
1410864924 356700160
1410865234 374579200
1410865544 357732352
1410865854 357638144
1410866164 343445504
1410866474 343359488
1410866784 342921216
1410867094 344694784
1410867404 344985600
1410867714 346836992
1410868025 347127808
1410868334 346943488
1410868645 347377664
1410868955 375869440
1410869265 372199424
1410869575 372035584
1410869885 372224000
1410870195 372158464
1410870506 412004352
1410870816 462516224
1410871115 235098112
1410871425 411979776
1410871727 480976896
1410872041 489345024
1410872339 479584256
1410872649 460279808
1410872959 450699264
1410873269 457388032
1410873579 465149952
1410873889 478248960
1410874199 459657216
1410874509 434774016
1410874819 442056704
1410875129 442142720
1410875439 445329408
1410875750 494395392
1410876059 468271104
1410876369 463110144
1410876679 467632128
1410876989 459603968
1410877299 462184448
1410877609 471003136
1410877916 454705152
1410878226 456007680
1410878536 454057984
1410878846 455569408
1410879156 459120640
1410879467 491192320
1410879776 460447744
1410880086 455782400
1410880396 454844416
1410880706 454291456
1410881016 454606848
1410881326 463028224
1410881636 436760576
1410881946 433963008
1410882256 441847808
1410882566 440840192
1410882876 459730944
1410883186 456609792
1410883496 456450048
1410883806 458539008
1410884116 456974336
1410884426 455929856
1410884736 455938048
1410885046 459747328
1410885356 450064384
1410885666 449597440
1410885976 447741952
1410886286 444170240
1410886596 449417216
1410886906 446345216
1410887216 440872960
1410887526 439934976
1410887836 440184832
1410888146 440795136
1410888456 440266752
1410888766 448897024
1410889076 448053248
1410889386 444166144
1410889696 442384384
1410890006 429289472
1410890316 452304896
1410890629 469868544
1410890937 451571712
1410891247 426639360
1410891557 427593728
1410895153 389136384
1410896907 193273856
1410897216 194699264
1410897526 194539520
1410897837 194691072
1410898146 211050496
1410898456 196964352
1410898766 197148672
1410899076 197165056
1410899387 197091328
1410899697 197091328
1410900007 197124096
1410900317 197042176
1410900627 195850240
1410900937 195936256
1410901247 195964928
1410901557 195981312
1410901867 196104192
1410902177 196009984
1410902477 196145152
1410902787 196308992
1410903097 195940352
1410903407 196120576
1410903717 196263936
1410904027 196059136
1410904337 195940352
1410904647 196730880
1410904957 196870144
1410905262 197050368
1410905572 196780032
1410905883 196698112
1410906193 196710400
1410906503 196624384
1410906813 196780032
1410907123 196820992
1410907433 196960256
1410907743 196730880
1410908053 196730880
1410908363 196771840
1410908673 196907008
1410908983 196444160
1410909293 196849664
1410909593 196759552
1410909903 196661248
1410910213 196554752
1410910523 196845568
1410910833 196988928
1410911143 196780032
1410911453 196657152
1410911763 196583424
1410912074 196603904
1410912383 196759552
1410912693 196476928
1410913004 196386816
1410913314 196136960
1410913624 196202496
1410913934 196329472
1410914244 196132864
1410914554 196009984
1410914864 196313088
1410915174 196194304
1410915484 196104192
1410915794 196108288
1410916104 196263936
1410916414 196403200
1410916724 195944448
1410917024 196050944
1410917334 196108288
1410917644 196370432
1410917954 196014080
1410918264 196296704
1410918574 196313088
1410918884 196329472
1410919194 196124672
1410919505 196124672
1410919816 495382528
1411005659 220749824
1411005967 301936640
1411006277 293199872
1411006587 274243584
1411006898 326606848
1411007208 289685504
1411007518 330039296
1411007828 279883776
1411008138 275935232
1411008448 311496704
1411008758 313839616
1411009069 279040000
1411009379 279060480
1411009679 265461760
1411009989 278253568
1411010299 275828736
1411010614 485920768
1411010910 152043520
1411846743 160366592
1411847136 193171456
1411847445 194670592
1411847755 194289664
1411848065 194572288
1411848375 194719744
1411848685 194494464
1411848996 194768896
1411849305 194404352
1411849616 194834432
1411849926 194850816
1411850236 195014656
1411850546 195026944
1411850856 194838528
1411851166 243593216
1411851476 241524736
1411851786 240803840
1411852096 237015040
1411852396 235950080
1411852706 232194048
1411853016 231469056
1411853326 231387136
1411853636 231903232
1411853946 232022016
1411854256 231931904
1411854566 225181696
1411854876 225398784
1411855186 225316864
1411855496 225492992
1411855806 225505280
1411856117 225177600
1411856427 225320960
1411856737 225234944
1411857047 225394688
1411857357 225419264
1411857667 225566720
1411857977 225714176
1411858287 225726464
1411858597 225775616
1411858907 225632256
1411859217 225685504
1411859527 225435648
1411859837 225607680
1411860147 225611776
1411860457 225665024
1411860767 225689600
1411861077 225591296
1411861379 225480704
1411861689 225271808
1411861999 225386496
1411862309 225415168
1411862619 225304576
1411862929 225214464
1411863239 225607680
1411863549 225280000
1411863849 225427456
1411864159 225714176
1411864469 225439744
1411864779 225226752
1411865089 225501184
1411865399 225533952
1411865709 225419264
1411866019 225316864
1411866329 225472512
1411866639 225251328
1411866949 225427456
1411867259 225304576
1411867569 225476608
1411867879 225472512
1411868189 225271808
1411868499 225411072
1411868809 224567296
1411869119 224456704
1411869429 224509952
1411869740 224768000
1411870049 224563200
1411870360 224468992
1411870670 224505856
1411870980 224411648
1411871290 224329728
1411871600 224354304
1411871910 224530432
1411872220 224292864
1411872530 224321536
1411872840 224460800
1411873150 224239616
1411873460 224505856
1411873770 224301056
1411874080 224464896
1411874390 224501760
1411874700 224526336
1411875010 239661056
1411875310 225083392
1411875620 224985088
1411875930 225284096
1411876240 225046528
1411876550 225071104
1411876860 225091584
1411877170 224894976
1411877480 225419264
1411877790 224940032
1411878100 225095680
1411878410 225017856
1411878720 225308672
1411879030 224985088
1411879340 224993280
1411879650 225157120
1411879960 225308672
1411880270 225234944
1411880580 224866304
1411880890 225296384
1411881200 225173504
1411881510 225230848
1411881820 225005568
1411882131 225038336
1411882441 225202176
1411882751 225116160
1411883061 225263616
1411883371 225026048
1411883681 225558528
1411883991 224980992
1411884301 225120256
1411884611 225021952
1411884921 225337344
1411885231 225353728
1411885541 225153024
1411885851 225046528
1411886161 225095680
1411886461 224989184
1411886771 225120256
1411887081 225148928
1411887388 225013760
1411887698 225030144
1411888008 225214464
1411888318 224948224
1411888618 225124352
1411888928 225280000
1411889238 224821248
1411889548 225120256
1411889858 224919552
1411890168 225062912
1411890478 225214464
1411890788 224980992
1411891098 225292288
1411891408 233758720
1411891718 233549824
1411892028 233824256
1411892333 233996288
1411892643 236122112
1411892944 236453888
1411893254 236998656
1411893564 236216320
1411893873 233365504
1411894183 231088128
1411894494 231469056
1411894804 231624704
1411895114 231501824
1411895424 231415808
1411895734 231464960
1411896044 231247872
1411896354 231288832
1411896664 231555072
1411896974 231227392
1411897284 231505920
1411897594 231440384
1411897904 231469056
1411898214 231649280
1411898524 231788544
1411898834 231612416
1411899144 231657472
1411899454 231608320
1411899764 231907328
1411900074 231718912
1411900374 231747584
1411900684 231817216
1411900994 231698432
1411901304 231870464
1411901614 231538688
1411901924 231616512
1411902234 231636992
1411902544 231559168
1411902854 231591936
1411903164 231776256
1411903474 231436288
1411903784 231731200
1411904094 231882752
1411904404 231673856
1411904714 231530496
1411905024 231432192
1411905334 231473152
1411905644 231370752
1411905954 231407616
1411906265 231313408
1411906575 246599680
1411906885 246833152
1411907195 246562816
1411907505 247578624
1411907815 232734720
1411908125 232394752
1411908435 232427520
1411908745 232300544
1411909055 232603648
1411909365 232632320
1411909675 232300544
1411909985 232468480
1411910295 232255488
1411910605 232427520
1411910915 232620032
1411911225 232288256
1411911535 232361984
1411911845 232394752
1411912155 230674432
1411912455 230629376
1411912765 230322176
1411913075 230486016
1411913385 230305792
1411913695 245030912
1411914005 240078848
1411914315 243548160
1411914625 238493696
1411914935 238415872
1411915245 238538752
1411915555 224182272
1411915865 224321536
1411916175 223977472
1411916485 224100352
1411916796 223854592
1411917106 223997952
1411917416 223928320
1411917726 224202752
1411918036 224002048
1411918346 224010240
1411918656 224309248
1411918966 224055296
1411919276 223952896
1411919586 223969280
1411919896 224034816
1411920206 224288768
1411920506 223838208
1411920816 224112640
1411921126 224280576
1411921436 224038912
1411921746 224083968
1411922056 223973376
1411922362 224145408
1411922664 223989760
1411922974 223899648
1411923284 224059392
1411923594 224108544
1411923904 224256000
1411924214 223895552
1411924524 224329728
1411924834 224108544
1411925134 224034816
1411925444 223924224
1411925754 224235520
1411926064 224272384
1411926374 224043008
1411926684 223952896
1411926994 224006144
1411927304 224133120
1411927612 223780864
1411927922 223961088
1411928232 223993856
1411928542 224157696
1411928853 224075776
1411929163 223973376
1411929473 224292864
1411929783 224055296
1411930093 224083968
1411930403 223977472
1411930713 224038912
1411931023 223928320
1411931333 224231424
1411931643 224497664
1411931953 223801344
1411932263 224325632
1411932573 224108544
1411932883 224014336
1411933193 224186368
1411933503 236404736
1411933813 224346112
1411934113 223883264
1411934423 224034816
1411934733 223928320
1411935043 223956992
1411935353 224395264
1411935663 224043008
1411935973 224239616
1411936283 224251904
1411936593 223911936
1411936903 224071680
1411937213 224083968
1411937523 224239616
1411937833 223903744
1411938143 224051200
1411938453 224362496
1411938763 224264192
1411939073 224178176
1411939383 224358400
1411939693 224137216
1411940003 224055296
1411940314 224096256
1411940624 224129024
1411940934 224161792
1411941244 224051200
1411941554 223977472
1411941864 224251904
1411942174 224051200
1411942484 224198656
1411942794 224124928
1411943104 224145408
1411943414 223916032
1411943714 224219136
1411944024 224251904
1411944334 224272384
1411944644 224194560
1411944954 224358400
1411945264 224120832
1411945574 224145408
1411945884 224174080
1411946194 224346112
1411946504 224010240
1411946814 224567296
1411947124 224337920
1411947435 224268288
1411947744 224280576
1411948055 224567296
1411948365 224227328
1411948675 224149504
1411948985 224296960
1411949295 224337920
1411949605 224366592
1411949915 224292864
1411950219 224317440
1411950529 223985664
1411950839 224399360
1411951149 224440320
1411951459 224477184
1411951769 224264192
1411952079 224047104
1411952389 224231424
1411952699 224235520
1411953009 224153600
1411953319 224182272
1411953629 224337920
1411953939 224382976
1411954239 224276480
1411954549 224325632
1411954859 224104448
1411955169 224501760
1411955479 224157696
1411955789 224182272
1411956099 224448512
1411956409 224124928
1411956719 224292864
1411957030 224350208
1411957340 224235520
1411957650 224419840
1411957956 224194560
1411958266 224239616
1411958576 224514048
1411958886 224460800
1411959192 224342016
1411959503 224395264
1411959813 224153600
1411960123 224206848
1411960433 224088064
1411960743 224382976
1411961053 224280576
1411961363 224075776
1411961673 224112640
1411961983 224305152
1411962293 224464896
1411962603 224251904
1411962913 224296960
1411963223 224071680
1411963523 224473088
1411963833 224378880
1411964143 224194560
1411964453 224100352
1411964763 224301056
1411965073 224083968
1411965383 224137216
1411965693 224296960
1411966003 224665600
1411966313 239505408
1411966615 159014912
1411967193 194600960
1411967502 283705344
1411967812 283529216
1411968372 193396736
1411968682 170721280
1411968992 137789440
1411969292 148066304
1411969602 148115456
1411969912 148623360
1411970213 148955136
1411970523 148692992
1411970833 148647936
1411971143 148840448
1411971453 148652032
1411971764 148586496
1411972073 164982784
1411972384 239149056
1411972693 242966528
1411973003 241037312
1411973314 241168384
1411973623 241090560
1411973934 241020928
1411974244 241106944
1411974554 256004096
1411974864 251592704
1411975174 251666432
1411975484 251326464
1411975794 240627712
1411976104 240431104
1411976414 240226304
1411976714 240566272
1411977024 240369664
1411977334 237342720
1411977644 237371392
1411977954 247488512
1411978264 241094656
1411978574 241303552
1411978884 240525312
1411979194 235859968
1411979504 235663360
1411979814 235491328
1411980124 235667456
1411980434 235728896
1411980744 235651072
1411981054 235577344
1411981364 235737088
1411981674 235585536
1411981984 235626496
1411982294 235954176
1411982604 235622400
1411982914 234143744
1411983224 234196992
1411983534 234020864
1411983844 234192896
1411984154 234516480
1411984465 248680448
1411984774 231747584
1411985084 231653376
1411985395 231727104
1411985705 231530496
1411986015 231591936
1411986325 231542784
1411986635 229842944
1411986945 229908480
1411987255 230084608
1411987565 229793792
1411987875 229851136
1411988185 229781504
1411988495 230100992
1411988805 229789696
1411989115 229847040
1411989425 230178816
1411989735 229859328
1411990045 229040128
1411990355 228847616
1411990665 228786176
1411990975 228720640
1411991285 228806656
1411991595 228855808
1411991905 228786176
1411992215 228642816
1411992525 228712448
1411992835 228900864
1411993145 228720640
1411993455 228540416
1411993765 227725312
1411994075 227418112
1411994385 227614720
1411994685 227565568
1411994995 227762176
1411995305 227581952
1411995615 227639296
1411995925 227577856
1411996235 227614720
1411996545 227561472
1411996855 227508224
1411997165 227573760
1411997475 224215040
1411997785 224100352
1411998095 224288768
1411998405 223985664
1411998715 224034816
1411999025 224247808
1411999335 226779136
1411999645 226803712
1411999955 226578432
1412000265 226897920
1412000575 226521088
1412000885 226836480
1412001195 226779136
1412001500 226762752
1412001810 226385920
1412002116 226537472
1412002426 226484224
1412002734 226668544
1412003043 226816000
1412003353 226639872
1412003663 226701312
1412003973 226541568
1412004283 226594816
1412004593 226594816
1412004903 226541568
1412005213 226664448
1412005513 226553856
1412005823 226672640
1412006133 226541568
1412006443 226746368
1412006753 226828288
1412007063 226660352
1412007371 226803712
1412007681 226549760
1412007991 226820096
1412008301 226455552
1412008601 226631680
1412008911 226660352
1412009221 226652160
1412009531 226811904
1412009841 226566144
1412010151 226578432
1412010461 226820096
1412010771 226672640
1412011077 226942976
1412011378 226725888
1412011679 225628160
1412011987 225452032
1412012297 225361920
1412012607 225165312
1412012917 225390592
1412013227 225447936
1412013537 225513472
1412013847 225611776
1412014157 225464320
1412014468 225583104
1412014778 225427456
1412015085 225615872
1412015385 225050624
1412015727 193589248
1412016037 163192832
1412016483 188678144
1412016793 194711552
1412017098 194580480
1412017408 194699264
1412017718 195096576
1412018028 195117056
1412018338 195162112
1412018639 195399680
1412018940 195235840
1412019250 195506176
1412019557 195407872
1412019867 195416064
1412020176 195432448
1412020487 195264512
1412020797 194887680
1412021107 194887680
1412021408 194768896
1412021718 194920448
1412022024 195031040
1412022334 194822144
1412022644 194846720
1412022954 194871296
1412023264 195022848
1412023574 195059712
1412023884 194924544
1412024192 194957312
1412024502 194957312
1412024812 194867200
1412025122 195260416
1412025432 195280896
1412025742 195178496
1412026042 195211264
1412026352 194973696
1412026662 195018752
1412026972 195158016
1412027276 195088384
1412027586 195092480
1412027896 194985984
1412028206 195239936
1412028516 195022848
1412028816 195289088
1412029126 195088384
1412029436 195227648
1412029746 195395584
1412030056 195153920
1412030366 195207168
1412030676 195092480
1412030986 195104768
1412031296 195108864
1412031598 195264512
1412031908 195280896
1412032218 195178496
1412032529 194834432
1412032839 194973696
1412033149 195010560
1412033459 194887680
1412033769 195457024
1412034075 195211264
1412034385 195260416
1412034695 195006464
1412035005 195170304
1412035315 195416064
1412035625 195203072
1412035935 195338240
1412036245 195248128
1412036555 195280896
1412036855 195190784
1412037165 195084288
1412037475 194990080
1412037785 195141632
1412038095 195436544
1412038405 195276800
1412038715 195444736
1412039025 195305472
1412039335 195334144
1412039645 195604480
1412039956 195239936
1412040265 195121152
1412040576 195276800
1412040886 195391488
1412041196 195444736
1412041506 195080192
1412041816 195461120
1412042126 195616768
1412042436 195260416
1412042746 209424384
1412043056 222224384
1412043366 227057664
1412043676 193781760
1412043976 205967360
1412044286 205619200
1412044596 205606912
1412044906 205594624
1412045217 205475840
1412045527 200876032
1412045827 199303168
1412046138 142839808
1412046447 143073280
1412046757 271843328
1412047067 129175552
1412047377 175616000
1412047687 129335296
1412047997 129036288
1412048308 129093632
1412048618 136196096
1412048918 134082560
1412049228 127492096
1412049538 127475712
1412050033 196321280
1412050343 163868672
1412050643 165593088
1412050953 165629952
1412051263 165355520
1412051573 118161408
1412051883 118362112
1412052193 170356736
1412052503 111390720
1412052814 166084608
1412053123 113696768
1412053434 240156672
1412053744 232321024
1412054054 457150464
1412054364 143147008
1412054674 144965632
1412054984 145014784
1412055294 144904192
1412055604 145063936
1412055914 144863232
1412056224 144846848
1412056534 144785408
1412056844 160935936
1412057154 160976896
1412057464 162791424
1412057765 162521088
1412058075 162775040
1412058377 162705408
1412058687 162844672
1412058997 162631680
1412059302 162504704
1412059613 162922496
1412059923 162934784
1412060233 163074048
1412060542 163323904
1412060853 162979840
1412061163 162996224
1412061473 163028992
1412061783 163061760
1412062093 163086336
1412062399 163098624
1412062700 163028992
1412063010 163426304
1412063319 163106816
1412063621 163250176
1412063931 163512320
1412064241 180305920
1412064551 180051968
1412064861 179949568
1412065171 179982336
1412065481 180113408
1412065791 180015104
1412066101 180015104
1412066411 180166656
1412066721 180047872
1412067021 180043776
1412067331 180215808
1412067633 180146176
1412067934 180199424
1412068244 180432896
1412068548 180142080
1412068858 180043776
1412069168 180191232
1412069478 180203520
1412069788 180367360
1412070098 180387840
1412070408 180178944
1412070718 180310016
1412071028 180097024
1412071338 180477952
1412071648 180633600
1412071958 180113408
1412072268 180162560
1412072578 180277248
1412072888 180580352
1412073198 180203520
1412073508 180224000
1412073818 180264960
1412074128 180555776
1412074438 180072448
1412074748 180494336
1412075058 180252672
1412075358 180654080
1412075668 180531200
1412075968 180449280
1412076278 180346880
1412076588 180498432
1412076898 180383744
1412077208 180785152
1412077518 180436992
1412077828 180310016
1412078138 180232192
1412078448 180252672
1412078758 180420608
1412079068 180416512
1412079378 180322304
1412079688 180465664
1412079998 180764672
1412080308 180408320
1412080619 180310016
1412080928 180326400
1412081238 180346880
1412081549 180342784
1412081858 180776960
1412082169 180617216
1412082478 180760576
1412082789 180518912
1412083098 180563968
1412083408 222490624
1412083719 208138240
1412084029 208007168
1412084339 208060416
1412084649 208183296
1412084959 208228352
1412085269 208371712
1412085579 208162816
1412085889 208424960
1412086199 208187392
1412086509 208322560
1412086819 208220160
1412087129 208130048
1412087439 208519168
1412087749 208932864
1412088059 211922944
1412088369 212103168
1412088679 211865600
1412088989 211787776
1412089299 212160512
1412089609 212819968
1412089919 212824064
1412090229 212619264
1412090539 216453120
1412090849 216383488
1412091159 216502272
1412091469 216670208
1412091769 216580096
1412092079 216879104
1412092389 216510464
1412092699 216797184
1412093009 216649728
1412093319 216682496
1412093629 216571904
1412093939 216612864
1412094249 216498176
1412094559 216662016
1412094869 216588288
1412095180 216637440
1412095489 216797184
1412095800 216592384
1412096110 218624000
1412096419 218906624
1412096730 218796032
1412097039 219062272
1412097350 218980352
1412097660 218742784
1412097969 218935296
1412098280 220585984
1412098585 220880896
1412098896 220913664
1412099206 221212672
1412099516 220827648
1412099826 221122560
1412100136 224415744
1412100446 224735232
1412100756 224776192
1412101066 224567296
1412101376 224862208
1412101686 224538624
1412101996 224550912
1412102306 228524032
1412102616 228286464
1412102926 228589568
1412103236 228200448
1412103546 228614144
1412103856 228126720
1412104166 228397056
1412104476 228536320
1412104776 228327424
1412105086 228352000
1412105396 228548608
1412105706 228192256
1412106016 228347904
1412106326 228261888
1412106636 228679680
1412106947 228323328
1412107256 228663296
1412107567 228294656
1412107876 228429824
1412108187 228597760
1412108496 228614144
1412108807 228536320
1412109116 228548608
1412109426 228241408
1412109737 228360192
1412110046 228401152
1412110357 228552704
1412110667 228450304
1412110977 228597760
1412111287 228532224
1412111597 228704256
1412111907 228372480
1412219586 188821504
1412219894 195944448
1412220204 195579904
1412220515 195751936
1412220825 195665920
1412221135 195969024
1412221445 199720960
1412221755 199872512
1412222065 199827456
1412222375 199745536
1412222685 199782400
1412223210 186986496
1412223517 200441856
1412223827 204263424
1412224137 204091392
1412224447 204099584
1412224757 204115968
1412225067 204009472
1412225378 238424064
1412225688 285863936
1412225998 216150016
1412226308 222089216
1412226618 221446144
1412226928 207425536
1412227238 267976704
1412227548 214499328
1412227858 212926464
1412228158 212967424
1412228468 213032960
1412228778 216870912
1412229088 217223168
1412229398 216932352
1412229708 216862720
1412230018 216641536
1412230328 216780800
1412230639 214708224
1412230949 214847488
1412231259 214515712
1412231569 214396928
1412231879 214507520
1412232189 214896640
1412232498 215109632
1412232808 214659072
1412233118 214769664
1412233428 214818816
1412233738 214728704
1412234048 215187456
1412234358 214827008
1412234668 214913024
1412234978 214634496
1412235289 214958080
1412235599 214683648
1412235909 215019520
1412236219 214839296
1412236529 218357760
1412236839 218697728
1412237149 238219264
1412237459 239116288
1412237769 238718976
1412238079 238743552
1412238389 238587904
1412238699 238776320
1412239009 238510080
1412239309 238583808
1412239619 238428160
1412239929 238882816
1412240239 238841856
1412240549 238522368
1412240859 238755840
1412241169 238329856
1412241479 238501888
1412241789 238653440
1412242099 238452736
1412242409 238522368
1412242720 238493696
1412243030 238452736
1412243340 238542848
1412243650 238501888
1412243960 238465024
1412244270 238379008
1412244580 238354432
1412244890 240078848
1412245200 240173056
1412245510 240492544
1412245820 240504832
1412246130 240164864
1412246440 240254976
1412246750 240209920
1412247060 240168960
1412247370 240197632
1412247670 240513024
1412247980 240336896
1412248290 240160768
1412248600 240353280
1412248910 242040832
1412249220 241860608
1412249530 241930240
1412249840 242032640
1412250150 242180096
1412250460 241836032
1412250770 242098176
1412251080 241700864
1412251391 241750016
1412251701 241913856
1412252011 242200576
1412252321 241934336
1412252631 241999872
1412252941 241975296
1412253251 242176000
1412253561 241950720
1412253871 241971200
1412254181 241954816
1412256835 189333504
1412257144 196206592
1412257454 195997696
1412257764 196034560
1412258074 195928064
1412258384 196096000
1412258694 196239360
1412258994 196161536
1412259304 196272128
1412259614 196251648
1412259924 195772416
1412260234 196165632
1412260534 195420160
1412260844 195321856
1412261154 195371008
1412261464 195178496
1412261774 195215360
1412262084 195465216
1412262394 195239936
1412262704 195522560
1412263014 195301376
1412263324 198909952
1412263634 198623232
1412263944 198496256
1412264254 198471680
1412264564 198475776
1412264875 198385664
1412265184 198533120
1412265495 198692864
1412265805 198443008
1412266115 198238208
1412266425 198356992
1412266735 198471680
1412267045 198414336
1412267355 198320128
1412267665 198565888
1412267975 198471680
1412268285 222928896
1412268913 197132288
1412269223 201678848
1412269533 201814016
1412269843 202133504
1412270153 201867264
1412270463 202031104
1412270773 201883648
1412271083 215502848
1412271393 215609344
1412271693 215506944
1412272003 214659072
1412272313 218484736
1412272623 218824704
1412272933 218763264
1412273243 219013120
1412273553 218836992
1412273864 218759168
1412274173 218824704
1412274484 219254784
1412274793 218951680
1412275104 218836992
1412275414 219054080
1412275724 219025408
1412276034 219226112
1412276344 233472000
1412276654 238923776
1412276964 263823360
1412277274 253960192
1412277584 270553088
1412277894 315678720
1412278204 256659456
1412278514 315924480
1412278825 315232256
1412279135 317247488
1412279445 317202432
1412279754 316981248
1412280065 302272512
1412280375 301797376
1412280685 301924352
1412280995 301785088
1412281305 301690880
1412281615 301662208
1412281925 301858816
1412282235 301953024
1412282545 301846528
1412282855 301838336
1412283165 301912064
1412283465 301719552
1412283775 301846528
1412284085 301834240
1412284395 303456256
1412284705 303681536
1412285007 303734784
1412285317 303673344
1412285627 289124352
1412285937 289198080
1412286247 289030144
1412286547 274599936
1412286857 275197952
1412287167 274821120
1412287477 274771968
1412287787 274620416
1412288097 274710528
1412288407 274931712
1412288717 274903040
1412289028 274984960
1412289338 274710528
1412289647 274599936
1412289958 275079168
1412290268 274923520
1412290578 274882560
1412290888 274706432
1412291198 274694144
1412291508 274841600
1412291818 274894848
1412292128 274849792
1412292438 274952192
1412292748 274653184
1412293048 274751488
1412293358 274759680
1412293668 274624512
1412293978 274776064
1412294288 274739200
1412294598 274817024
1412294908 276946944
1412295219 276606976
1412295528 278110208
1412295838 278577152
1412296149 278368256
1412296459 278188032
1412296769 278294528
1412297079 278441984
1412297389 278306816
1412297699 278384640
1412298009 278257664
1412298319 278487040
1412298629 278585344
1412298939 278257664
1412299249 278138880
1412299549 278257664
1412299859 278294528
1412300169 278253568
1412300479 278077440
1412300790 278192128
1412301099 278401024
1412301409 278618112
1412301719 278503424
1412302030 278224896
1412302340 278454272
1412302650 278163456
1412302960 278228992
1412303270 278335488
1412303580 278302720
1412303890 278204416
1412304200 278417408
1412304510 278265856
1412304820 278224896
1412305130 278310912
1412305440 278376448
1412305740 278368256
1412306050 278253568
1412306360 278368256
1412306670 278208512
1412306980 278409216
1412307290 278384640
1412307600 278593536
1412307910 278683648
1412308221 278196224
1412308531 278478848
1412308841 278441984
1412309151 278507520
1412309461 278183936
1412309765 278253568
1412310076 278446080
1412310386 278302720
1412310696 278458368
1412311006 278355968
1412311316 278679552
1412311626 280113152
1412311936 280371200
1412312236 281972736
1412312546 282091520
1412312856 281817088
1412313166 281776128
1412313476 281735168
1412313786 282079232
1412314096 281927680
1412314406 281874432
1412314717 281804800
1412315027 282005504
1412315337 282001408
1412315647 281821184
1412315955 281829376
1412316266 282034176
1412316576 282075136
1412316886 281845760
1412317196 281825280
1412317506 281853952
1412317816 316768256
1412318126 319619072
1412318436 319217664
1412318746 319447040
1412319046 319647744
1412319356 319467520
1412319666 319246336
1412319976 319139840
1412320286 319057920
1412320596 319115264
1412320906 318820352
1412321216 319320064
1412321526 318730240
1412321837 319217664
1412322146 318926848
1412322457 319102976
1412322767 319062016
1412323077 319250432
1412323387 366444544
1412323697 355692544
1412324007 352575488
1412324317 352653312
1412324627 352346112
1412324937 352391168
1412325247 352202752
1412325557 352387072
1412325857 352354304
1412326167 352690176
1412326477 351944704
1412326787 343392256
1412327097 343425024
1412327407 343457792
1412327717 343224320
1412328027 343265280
1412328338 343097344
1412328647 342110208
1412328957 341770240
1412329268 341790720
1412329578 342216704
1412329888 341803008
1412330198 341839872
1412330508 342036480
1412330818 342011904
1412331128 341966848
1412331438 341753856
1412331748 341708800
1412332055 342278144
1412332366 341798912
1412332676 342028288
1412332986 341999616
1412333296 341966848
1412333606 342294528
1412333916 342073344
1412334226 342253568
1412334536 342364160
1412334846 342003712
1412335156 341954560
1412335466 342020096
1412335776 341880832
1412336086 342102016
1412336386 342134784
1412336696 341831680
1412337006 341921792
1412337316 342581248
1412337626 342163456
1412337936 342048768
1412338247 342073344
1412338556 341946368
1412338867 341975040
1412339176 342089728
1412339487 341864448
1412339797 341962752
1412340107 341790720
1412340417 341790720
1412340727 341803008
1412341037 341884928
1412341347 341889024
1412341657 341749760
1412341967 341819392
1412342277 341676032
1412342587 341884928
1412342897 341860352
1412343197 341762048
1412343507 342036480
1412343817 341696512
1412344127 341663744
1412344437 341622784
1412344748 341835776
1412345057 341774336
1412345368 341868544
1412345678 341823488
1412345988 341790720
1412346298 341696512
1412346608 341782528
1412346918 341635072
1412347228 341843968
1412347538 342085632
1412347848 341901312
1412348158 341921792
1412348468 341848064
1412348778 341827584
1412349088 341913600
1412349388 342032384
1412349698 341925888
1412350008 341831680
1412350318 341512192
1412350628 341295104
1412350938 341557248
1412351248 341221376
1412351559 341164032
1412351868 341422080
1412352179 341340160
1412352489 341180416
1412352799 341266432
1412353109 341221376
1412353419 341110784
1412353729 341233664
1412354039 340987904
1412354349 341319680
1412354659 340885504
1412354963 341352448
1412355273 353382400
1412355582 352731136
1412355892 367583232
1412356202 367570944
1412356512 367640576
1412356822 367484928
1412357132 367398912
1412357432 367493120
1412357742 367476736
1412358052 367386624
1412358362 367423488
1412358672 367427584
1412358982 364777472
1412359292 364773376
1412359602 364691456
1412359913 364572672
1412360222 364630016
1412360533 364244992
1412360842 364146688
1412361152 364167168
1412361463 364376064
1412361773 364462080
1412362083 364122112
1412362393 364490752
1412362703 364044288
1412363013 363778048
1412363323 363954176
1412363633 363974656
1412363943 363900928
1412364253 363724800
1412364563 363769856
1412364863 363585536
1412365173 363569152
1412365483 363626496
1412365793 363614208
1412366103 363573248
1412366413 363474944
1412366723 363700224
1412367034 363532288
1412367343 363843584
1412367654 363429888
1412367963 363536384
1412368274 363487232
1412368584 363446272
1412368894 363704320
1412369204 363421696
1412369514 363323392
1412369824 363614208
1412370134 363343872
1412370444 363511808
1412370754 363175936
1412371064 372985856
1412371374 373166080
1412371684 372842496
1412371994 369319936
1412372294 369254400
1412372604 369405952
1412372914 369139712
1412373224 369180672
1412373534 369139712
1412373844 369016832
1412374154 369479680
1412374464 369045504
1412374775 369213440
1412375085 369102848
1412375395 369315840
1412375705 369045504
1412376015 369213440
1412376325 369307648
1412376635 368943104
1412376935 369078272
1412377245 368971776
1412377555 368922624
1412377865 369258496
1412378175 369094656
1412378486 368898048
1412378796 368996352
1412379098 368996352
1412379408 369356800
1412379708 368988160
1412380018 368951296
1412380328 369152000
1412380638 369225728
1412380948 369164288
1412381258 368979968
1412381569 369119232
1412381878 369156096
1412382189 369225728
1412382498 368807936
1412382809 368762880
1412383119 369098752
1412383429 368926720
1412383739 368590848
1412384049 368783360
1412384359 369139712
1412384669 369004544
1412384979 368783360
1412385289 368926720
1412385599 368848896
1412385909 369049600
1412386219 368934912
1412386519 369037312
1412386829 368975872
1412387139 369025024
1412387449 368689152
1412387759 368828416
1412388069 368406528
1412388379 368422912
1412388690 368455680
1412388999 382963712
1412389310 408215552
1412389620 405118976
1412389929 405049344
1412390239 404844544
1412390550 405069824
1412390860 404566016
1412391170 404639744
1412391480 402321408
1412391790 401604608
1412392100 401666048
1412392410 402059264
1412392720 401915904
1412393030 401592320
1412393330 401948672
1412393641 395563008
1412393950 249884672
1412394260 251092992
1412394570 349073408
1412394881 395046912
1412395193 450064384
1412395501 423964672
1412395811 444788736
1412396119 432971776
1412396424 437821440
1412396733 394166272
1412397043 398143488
1412397353 393203712
1412397663 388784128
1412397973 388907008
1412398283 387788800
1412398593 388440064
1412398903 390369280
1412399203 390733824
1412399513 390045696
1412399823 391766016
1412400133 389316608
1412400443 388575232
1412400753 388485120
1412401056 404144128
1412401366 389079040
1412401676 388915200
1412401976 389029888
1412402286 377827328
1412402596 387301376
1412402906 393166848
1412403216 389160960
1412403526 389066752
1412403837 399147008
1412404147 393924608
1412404457 377004032
1412404767 386641920
1412405077 386740224
1412405387 384573440
1412405697 400269312
1412406007 396230656
1412406317 391917568
1412406627 386510848
1412406937 386256896
1412407247 388395008
1412407547 388116480
1412407857 388182016
1412408167 388354048
1412408477 388628480
1412408788 388157440
1412409097 387940352
1412409407 386072576
1412409718 382541824
1412410028 389214208
1412410338 387039232
1412410648 387051520
1412410958 390144000
1412411268 389611520
1412411578 409882624
1412411888 434544640
1412412198 429756416
1412412508 422551552
1412412818 421490688
1412413119 414519296
1412413428 403116032
1412413738 407867392
1412414049 404770816
1412414359 404000768
1412414669 402882560
1412414979 402694144
1412415289 384475136
1412415599 384290816
1412415909 384446464
1412416219 384540672
1412416529 384987136
1412416839 384217088
1412417149 384655360
1412417459 384372736
1412417769 384438272
1412418069 384176128
1412418379 384204800
1412418689 384266240
1412418999 384262144
1412419309 384286720
1412419619 384139264
1412419929 383721472
1412420239 383614976
1412420550 383369216
1412420860 383336448
1412421169 383234048
1412421471 398770176
1412421781 412397568
1412422091 402558976
1412422401 402628608
1412422711 402239488
1412423021 402067456
1412423331 402325504
1412423641 401797120
1412423951 406069248
1412424261 397750272
1412424571 397897728
1412424881 397680640
1412425181 397856768
1412425491 397959168
1412425801 398229504
1412426111 398155776
1412426421 403419136
1412426731 403181568
1412427041 403267584
1412427351 392302592
1412427662 402579456
1412427971 401215488
1412428282 401215488
1412428592 432955392
1412428903 449916928
1412429213 426278912
1412429522 347983872
1412429832 307580928
1412430142 335544320
1412430452 356212736
1412430762 445337600
1412431072 439754752
1412431382 433713152
1412431692 432037888
1412432002 427352064
1412432302 427773952
1412432612 427544576
1412432922 427474944
1412433232 426938368
1412433542 427094016
1412433852 427130880
1412434162 427401216
1412434472 425971712
1412434783 411324416
1412435093 408862720
1412435403 407887872
1412435712 407867392
1412436023 407633920
1412436333 407670784
1412436643 407552000
1412436953 383639552
1412437263 383516672
1412437573 383606784
1412437883 397164544
1412438193 362995712
1412438503 372252672
1412438813 162594816
1412439123 168206336
1412439423 374743040
1412439733 374562816
1412440043 374726656
1412440353 374427648
1412440664 374603776
1412440974 374480896
1412441283 374444032
1412441594 374378496
1412441903 373014528
1412442214 372670464
1412442524 372666368
1412442834 372334592
1412443144 372178944
1412443454 372359168
1412443764 372645888
1412444074 372596736
1412444384 372494336
1412444686 388874240
1412444996 389296128
1412445306 389025792
1412445617 388759552
1412445926 388698112
1412446237 388308992
1412446546 388411392
1412446857 388411392
1412447166 385404928
1412447477 385732608
1412447787 385536000
1412448097 385581056
1412448407 385933312
1412448717 385634304
1412449027 385970176
1412449337 385351680
1412449647 385441792
1412449957 385269760
1412450267 385368064
1412450577 385445888
1412450887 385298432
1412451197 385536000
1412451507 385384448
1412451817 385249280
1412452127 385667072
1412452437 385359872
1412452747 380100608
1412453057 380350464
1412453367 379830272
1412453677 379846656
1412453977 380018688
1412454287 379957248
1412454597 379858944
1412454907 389627904
1412455217 390754304
1412455527 376700928
1412455837 376446976
1412456147 376578048
1412456457 376000512
1412456768 375939072
1412457077 375865344
1412457388 375840768
1412457698 376147968
1412458008 376119296
1412458318 375865344
1412458628 370188288
1412458938 370147328
1412459248 370036736
1412459558 370298880
1412459868 370122752
1412460178 370413568
1412460488 369913856
1412460798 370225152
1412461108 370012160
1412461418 370208768
1412462077 195301376
1412462387 217489408
1412462697 217001984
1412463007 202657792
1412463317 202797056
1412463627 262365184
1412463937 261824512
1412464248 413306880
1412464557 426823680
1412464867 264171520
1412465177 264200192
1412465487 264286208
1412465797 266907648
1412466097 266588160
1412466407 266555392
1412466717 266625024
1412467027 266473472
1412467337 266723328
1412467647 266625024
1412467957 266563584
1412468259 280182784
1412468569 280125440
1412468879 280489984
1412469190 280014848
1412469499 280510464
1412469810 280322048
1412470120 280412160
1412470429 280580096
1412470740 280170496
1412471050 280129536
1412471360 280096768
1412471670 280174592
1412471980 280289280
1412472290 280170496
1412472600 280399872
1412472910 280481792
1412473220 280543232
1412473530 280256512
1412473840 280477696
1412474150 280244224
1412474460 280346624
1412474770 280403968
1412475080 280477696
1412475390 280211456
1412475700 280363008
1412476010 280162304
1412476310 280358912
1412476620 280375296
1412476930 280076288
1412477240 280162304
1412477550 280256512
1412477860 280354816
1412478170 280240128
1412478481 280219648
1412478790 280489984
1412479101 280510464
1412479410 280215552
1412479721 280334336
1412480031 280297472
1412480340 280481792
1412480651 280498176
1412480961 280330240
1412481271 280592384
1412481581 280567808
1412481891 280510464
1412482201 280784896
1412482511 280518656
1412482821 280539136
1412483131 280690688
1412483441 280424448
1412483751 280596480
1412484061 280420352
1412484371 280588288
1412484681 280592384
1412484981 280645632
1412485291 280469504
1412485601 280436736
1412485911 280453120
1412486221 280748032
1412486531 280457216
1412486841 280674304
1412487151 280576000
1412487461 280461312
1412487771 280608768
1412488077 281030656
1412488387 280686592
1412488697 280649728
1412489007 281108480
1412489307 280838144
1412489616 281300992
1412489926 281034752
1412490236 280678400
1412490546 280825856
1412490856 280961024
1412491166 281034752
1412491476 280760320
1412491787 280858624
1412492097 280801280
1412492407 280780800
1412492717 280526848
1412493027 280805376
1412493337 280834048
1412493647 280911872
1412493957 281137152
1412494267 280723456
1412494577 280793088
1412494887 280813568
1412495197 280768512
1412495507 280739840
1412495817 281030656
1412496128 290480128
1412496437 218812416
1412496747 197828608
1412497057 198262784
1412497367 200376320
1412497678 200753152
1412497987 202280960
1412498297 202801152
1412498597 200564736
1412498907 200159232
1412499217 200323072
1412499527 262889472
1412499837 262737920
1412500148 262705152
1412500458 262664192
1412500768 262705152
1412501078 263036928
1412501388 263016448
1412501698 262746112
1412502008 262340608
1412502318 262094848
1412502628 262115328
1412502938 262144000
1412503248 262053888
1412503558 261873664
1412503868 261980160
1412504178 262316032
1412504488 262262784
1412504798 262045696
1412505108 262123520
1412505408 262082560
1412505718 262213632
1412506028 261910528
1412506339 261722112
1412506648 261812224
1412506958 261898240
1412507268 262057984
1412507578 262000640
1412507888 261967872
1412508199 262107136
1412508508 262082560
1412508819 261914624
1412509129 261693440
1412509439 261779456
1412509749 261812224
1412510059 262246400
1412510369 262098944
1412510679 262057984
1412510983 275357696
1412511293 275181568
1412511603 275390464
1412511913 275365888
1412512223 275566592
1412512523 275599360
1412512833 275488768
1412513143 275394560
1412513453 275296256
1412513763 275341312
1412514073 275574784
1412514383 275542016
1412514693 275369984
1412515003 275152896
1412515313 275492864
1412515623 275357696
1412515934 274997248
1412516243 275824640
1412516554 275570688
1412516863 275619840
1412517174 275513344
1412517484 275279872
1412517794 275165184
1412518104 275128320
1412518414 275333120
1412518724 275374080
1412519034 275185664
1412519344 275107840
1412519654 275161088
1412519964 274722816
1412520274 274472960
1412520584 274247680
1412520894 274735104
1412521204 274391040
1412521514 290914304
1412521824 288649216
1412522134 274210816
1412522444 274440192
1412522744 352796672
1412523057 420249600
1412523365 382455808
1412523674 386592768
1412523985 355368960
1412524295 355774464
1412524605 355704832
1412524915 356220928
1412526856 374874112
1412527167 487587840
1412527477 416444416
1412527776 412790784
1412528087 412704768
1412528394 410603520
1412528694 410456064
1412529004 411041792
1412529314 409673728
1412529625 410083328
1412529935 410255360
1412530245 409681920
1412530555 382275584
1412530865 382107648
1412531175 382423040
1412531485 382660608
1412531795 382742528
1412532105 382935040
1412532415 383279104
1412532725 412647424
1412533025 406290432
1412533335 179531776
1412533645 179392512
1412533955 179478528
1412534265 206213120
1412534575 206278656
1412534885 235474944
1412535196 235552768
1412535505 250433536
1412535816 250892288
1412536126 239972352
1412536435 252047360
1412536746 240226304
1412537056 240308224
1412537366 240177152
1412537676 258867200
1412537986 258711552
1412538296 258510848
1412538606 258543616
1412538907 259395584
1412539218 259473408
1412539528 259379200
1412539837 259346432
1412540147 259317760
1412540458 259485696
1412540760 259198976
1412541070 244805632
1412541380 247463936
1412541680 247246848
1412541990 247525376
1412542300 247492608
1412542610 247734272
1412542920 247373824
1412543230 247742464
1412543540 247558144
1412543850 247545856
1412544160 247394304
1412544470 232931328
1412544781 233041920
1412545090 235794432
1412545401 235233280
1412545711 235347968
1412546021 235196416
1412546331 235311104
1412546641 235470848
1412546951 235081728
1412547261 235409408
1412547571 235462656
1412547881 235425792
1412548191 235548672
1412548494 236064768
1412548801 236052480
1412549111 235880448
1412549414 235724800
1412549724 236089344
1412550034 235810816
1412550344 235728896
1412550646 235929600
1412550956 235773952
1412551259 235749376
1412551569 235720704
1412551879 235950080
1412552179 238383104
1412552489 237805568
1412552799 236429312
1412553110 236474368
1412553420 236584960
1412553730 236511232
1412554040 236740608
1412554350 236404736
1412554660 236523520
1412554970 236298240
1412555270 236662784
1412555581 236605440
1412555891 236929024
1412556201 236822528
1412556511 236806144
1412556821 236793856
1412557131 236634112
1412557441 236736512
1412557751 236859392
1412558061 236974080
1412558371 236732416
1412558681 236699648
1412558981 236728320
1412559291 237223936
1412559601 237158400
1412559911 236978176
1412560221 237199360
1412560531 236941312
1412560842 236843008
1412561151 236859392
1412561462 236867584
1412561772 237129728
1412562082 236883968
1412562392 237170688
1412562702 237252608
1412563012 237682688
1412563322 237686784
1412563632 237346816
1412563942 254705664
1412564252 260157440
1412564914 391213056
1412565223 403865600
1412565533 404365312
1412565844 404398080
1412566153 404279296
1412566463 404197376
1412566774 404123648
1412567084 321761280
1412567394 321929216
1412567705 322244608
1412568014 322211840
1412568315 322088960
1412568624 328286208
1412568935 415326208
1412569245 407175168
1412569553 411721728
1412569863 411234304
1412570173 411025408
1412570483 411103232
1412570793 411168768
1412571103 411160576
1412571414 411242496
1412571723 410988544
1412572033 411201536
1412572344 410255360
1412572654 410279936
1412572964 410456064
1412573274 409808896
1412573584 409804800
1412573894 409800704
1412574204 409989120
1412574514 410267648
1412574824 410673152
1412575134 410333184
1412575444 410447872
1412575754 408924160
1412576064 411316224
1412576374 411443200
1412576684 411344896
1412576994 411754496
1412577304 411365376
1412577604 411140096
1412577914 411549696
1412578224 411295744
1412578534 411688960
1412578844 301178880
1412579149 301101056
1412579459 306401280
1412579770 365404160
1412580079 294924288
1412580390 294825984
1412580700 294916096
1412581010 281096192
1412581320 280801280
1412581630 378204160
1412581940 453427200
1412582250 407109632
1412586528 400527360
1412586827 403161088
1412587137 402784256
1412587447 402714624
1412587757 402821120
1412588068 402976768
1412588377 402845696
1412588688 403034112
1412588998 325943296
1412589308 326385664
1412589618 326127616
1412589928 326283264
1412590238 331128832
1412590548 348405760
1412590858 314142720
1412591168 313470976
1412591468 314015744
1412591778 314200064
1412592088 314257408
1412592398 314175488
1412592708 314662912
1412593018 314593280
1412593328 314679296
1412593638 314753024
1412593948 310370304
1412594258 310145024
1412594569 310378496
1412594879 310378496
1412595189 310751232
1412595499 310538240
1412595809 310710272
1412596119 310763520
1412596429 310870016
1412596739 310988800
1412597049 311017472
1412597359 313225216
1412597669 313012224
1412597979 313028608
1412598289 313069568
1412598599 312991744
1412598899 439345152
1412599209 422137856
1412599519 423448576
1412599829 418914304
1412600139 420212736
1412600450 417538048
1412600759 429506560
1412601069 393797632
1412601378 382017536
1412601688 368640000
1412601998 368472064
1412602308 368668672
1412602618 369029120
1412602928 367058944
1412603238 367390720
1412603548 367427584
1412603858 367685632
1412604168 367853568
1412604478 384339968
1412604788 381984768
1412605098 374214656
1412605408 372498432
1412605718 371499008
1412606028 371757056
1412606338 371486720
1412606648 371625984
1412606948 371654656
1412607258 371912704
1412607568 372154368
1412607878 372654080
1412608188 373555200
1412608498 373530624
1412608808 374009856
1412609118 371851264
1412609423 371601408
1412609733 372301824
1412610043 373305344
1412610353 430149632
1412610660 369373184
1412610971 369651712
1412611280 370798592
1412611590 371036160
1412611900 369725440
1412612210 369774592
1412612521 369872896
1412612830 370315264
1412613141 369963008
1412613451 369999872
1412613761 369897472
1412614071 370180096
1412614381 370184192
1412614691 370278400
1412615001 370257920
1412615311 370978816
1412615621 367300608
1412615931 367095808
1412616241 367095808
1412616551 367226880
1412616861 367042560
1412617171 367026176
1412617481 367501312
1412617791 366972928
1412618101 367292416
1412618411 367173632
1412618721 367464448
1412619031 371818496
1412619341 371920896
1412619651 371486720
1412619961 371662848
1412620271 371380224
1412620571 371576832
1412620881 371728384
1412621191 371507200
1412621501 371478528
1412621811 371384320
1412622121 371580928
1412622431 372199424
1412622741 369135616
1412623051 368922624
1412623361 369393664
1412623671 369360896
1412623982 369070080
1412624291 369684480
1412624601 369364992
1412624912 369504256
1412625222 369217536
1412625532 369709056
1412625842 369627136
1412626152 376008704
1412626462 377888768
1412626772 377753600
1412627082 377651200
1412627392 377806848
1412627702 377716736
1412628012 377958400
1412628322 377790464
1412628632 377999360
1412628942 377737216
1412629252 389251072
1412629559 401821696
1412629869 392855552
1412630179 388198400
1412630489 388308992
1412630799 385449984
1412631109 385712128
1412631419 385462272
1412631729 385273856
1412632039 385126400
1412632350 319041536
1412632659 319139840
1412632970 319479808
1412633280 319688704
1412633590 320237568
1412633899 323043328
1412634210 323162112
1412634520 323637248
1412634830 323383296
1412635140 323424256
1412635450 323506176
1412635760 323379200
1412636070 323502080
1412636380 323641344
1412636690 324255744
1412637000 324530176
1412637310 323915776
1412637620 323985408
1412637930 323751936
1412638240 323928064
1412638550 324239360
1412638860 324026368
1412639170 323911680
1412639480 324108288
1412639790 324014080
1412640100 324149248
1412640410 324411392
1412640720 326393856
1412641030 326492160
1412641340 326156288
1412641640 326254592
1412641950 326193152
1412642260 326225920
1412642570 326303744
1412642880 326148096
1412643190 326246400
1412643500 326086656
1412643810 326737920
1412644121 326778880
1412644431 322568192
1412644741 322326528
1412645051 322428928
1412645361 322367488
1412645671 324579328
1412645981 324489216
1412646291 324730880
1412646601 324702208
1412646911 324456448
1412647221 324829184
1412647531 325042176
1412647841 321359872
1412648151 320536576
1412648461 320712704
1412648765 333996032
1412649075 333938688
1412649385 333901824
1412649695 333971456
1412650005 333864960
1412650315 334209024
1412650625 334077952
1412650935 333860864
1412651245 334389248
1412651555 333012992
1412651865 332521472
1412652176 332783616
1412652486 332644352
1412652796 332890112
1412653106 332664832
1412653416 332730368
1412653726 332771328
1412654036 314540032
1412654346 314335232
1412654656 314486784
1412654966 321249280
1412655276 320909312
1412655586 321392640
1412655896 321191936
1412656206 321376256
1412656516 321732608
1412656826 321650688
1412657136 321527808
1412657446 321609728
1412657756 321695744
1412658066 321904640
1412658376 322236416
1412658676 323911680
1412658986 323448832
1412659296 323817472
1412659606 323629056
1412659916 325734400
1412660226 325488640
1412660536 325521408
1412660847 371838976
1412661155 380936192
1412661465 379408384
1412661775 364642304
1412662085 364732416
1412662396 353021952
1412662706 352829440
1412663016 352968704
1412663326 353091584
1412663636 353198080
1412663946 353275904
1412664254 368717824
1412664564 367747072
1412664874 367710208
1412665184 367779840
1412665494 368414720
1412665804 369049600
1412666114 379375616
1412666424 371658752
1412666734 371687424
1412667044 371884032
1412667344 371347456
1412667654 371486720
1412667964 371752960
1412668274 371740672
1412668584 371441664
1412668894 371732480
1412669205 382091264
1412669514 386207744
1412669825 379891712
1412670135 379490304
1412670444 379883520
1412670755 379457536
1412671065 379289600
1412671375 379584512
1412671685 379904000
1412671995 379949056
1412672305 379809792
1412672615 379064320
1412672925 390230016
1412673235 380588032
1412673545 381370368
1412673855 382320640
1412674165 381677568
1412674475 381693952
1412674785 382017536
1412675085 381710336
1412675395 381644800
1412675706 368193536
1412676015 368623616
1412676325 369315840
1412676635 345665536
1412676945 345399296
1412677256 425701376
1412677567 411516928
1412677867 322781184
1412678176 309002240
1412678486 361115648
1412678794 345423872
1412679095 327229440
1412679400 342396928
1412679710 342233088
1412680020 342257664
1412680320 331886592
1412680630 331325440
1412680940 331239424
1412681250 331190272
1412681560 331223040
1412681870 331124736
1412682181 331231232
1412682491 331296768
1412682801 331423744
1412683111 331169792
1412683421 331358208
1412683731 389783552
1412684041 329940992
1412684351 329908224
1412684661 330088448
1412684971 329834496
1412685281 329695232
1412685591 329744384
1412685901 330084352
1412686211 329895936
1412686521 329871360
1412686831 329998336
1412687141 329850880
1412687441 329924608
1412687751 329871360
1412688061 329871360
1412688371 329748480
1412688681 330133504
1412688991 330223616
1412689301 330240000
1414614603 352989184
1414614903 354119680
1414615209 342249472
1414615519 341970944
1414615829 368771072
1414616139 355553280
1414616439 442650624
1414616744 393404416
1414617054 424370176
1414617365 429678592
1414617674 376815616
1414617984 377184256
1414618284 379154432
1414618595 379297792
1414618905 379543552
1414619215 380428288
1414619525 380039168
1414619835 381579264
1414620136 394997760
1414620446 393781248
1414620746 385499136
1414621056 385798144
1414621366 384847872
1414621676 381165568
1414621986 375762944
1414622296 376225792
1414622606 376213504
1414622916 376856576
1414623226 377978880
1414623536 378441728
1414623847 378077184
1414624155 428949504
1414624465 412327936
1414624775 402735104
1414625085 401477632
1414625395 401539072
1414625705 397737984
1414626015 391585792
1414626325 391409664
1414626635 391917568
1414626945 391270400
1414627255 391368704
1414627555 391081984
1414627865 406265856
1414628175 402743296
1414628485 390594560
1414628795 390455296
1414629105 390017024
1414629416 381956096
1414629726 382611456
1414630035 382455808
1414630346 382574592
1414630656 383705088
1414630966 383332352
1414631276 385425408
1414631586 385695744
1414631896 385355776
1414632206 244506624
1414632516 244219904
1414632826 244727808
1414633136 244621312
1414633446 244842496
1414633746 244432896
1414634056 244740096
1414634366 244420608
1414634676 244633600
1414634987 244883456
1414635297 244932608
1414635604 260198400
1414635915 259969024
1414636224 260698112
1414636535 260194304
1414636845 260128768
1414637155 259899392
1414637465 260247552
1414637775 260067328
1414638085 260022272
1414638399 246804480
1414638706 250851328
1414639015 252280832
1414639325 252436480
1414639635 252272640
1414639945 252301312
1414640255 251789312
1414640555 251662336
1414640865 251736064
1414641175 252002304
1414641486 252370944
1414641786 267485184
1414642096 267415552
1414642406 267653120
1414642717 267300864
1414643026 267214848
1414643336 267210752
1414643873 400834560
1414644183 427167744
1414644493 343633920
1414644803 410927104
1414645113 437997568
1414645423 433065984
1414645733 431710208
1414646043 429953024
1414646353 427261952
1414646653 426168320
1414646963 438059008
1414647273 402804736
1414647583 395677696
1414647894 337666048
1414648204 340865024
1414648514 337653760
1414648824 336891904
1414649134 338776064
1414649444 339927040
1414649754 344666112
1414650305 470765568
1414650614 441708544
1414650924 435363840
1414651235 435081216
1414651545 433967104
1414651855 433958912
1414652165 433987584
1414652475 434049024
1414652778 447389696
1414653088 441483264
1414653398 434933760
1414653708 434597888
1414654008 381329408
1414654318 382730240
1414654628 382509056
1414654938 382664704
1414655248 382578688
1414655558 382648320
1414655868 382566400
1414656179 384802816
1414656489 345784320
1414656799 323801088
1414657108 323686400
1414657419 322490368
1414657729 313286656
1414658039 313831424
1414658349 313831424
1414658659 297201664
1414658969 296919040
1414659279 296980480
1414659589 297144320
1414659899 298356736
1414660209 298835968
1414660519 298401792
1414660821 319672320
1414661124 373628928
1414661433 379510784
1414661744 380809216
1414662054 376205312
1414662364 376700928
1414662674 376983552
1414662984 375779328
1414663294 371130368
1414663604 369418240
1414663914 209264640
1414664224 212987904
1414664534 225075200
1414664844 406941696
1414665154 394559488
1414665464 307269632
1414665774 294150144
1414666084 294449152
1414666394 294875136
1414666704 294838272
1414667004 296308736
1414667314 296083456
1414667624 296165376
1414667934 296443904
1414668244 296718336
1414668555 322441216
1414668865 360132608
1414669168 361951232
1414669478 367149056
1414669788 367091712
1414670098 366833664
1414670408 366669824
1414670718 366145536
1414671029 366088192
1414671338 366063616
1414671649 365867008
1414671959 363098112
1414672269 362115072
1414672579 362250240
1414672889 362156032
1414673199 362414080
1414673509 362315776
1414673819 362090496
1414674129 362115072
1414674439 362184704
1414674749 362029056
1414675059 362192896
1414675369 362438656
1414675679 352739328
1414675989 351531008
1414676299 351686656
1414676609 351543296
1414676909 351485952
1414677219 351485952
1414677529 351637504
1414677839 351813632
1414678149 351834112
1414678459 351629312
1414678770 351793152
1414679079 352428032
1414679389 347529216
1414679699 347336704
1414680009 347598848
1414680320 337870848
1414680630 338325504
1414680940 338341888
1414681250 338604032
1414681560 338309120
1414681870 338440192
1414682180 338661376
1414682490 338223104
1414682800 352858112
1414683110 352587776
1414683420 352649216
1414683721 352419840
1414684030 352452608
1414684340 352477184
1414684650 352833536
1414684961 352698368
1414685271 352669696
1414685572 367525888
1414685882 367046656
1414686192 366702592
1414686502 359706624
1414686812 359165952
1414687122 358948864
1414687433 358711296
1414687743 358883328
1414688053 358883328
1414688363 358768640
1414688673 359002112
1414688977 359727104
1414689287 359858176
1414689597 359698432
1414689907 387723264
1414690217 349601792
1414690527 349188096
1414690837 349155328
1414691147 349368320
1414691457 349609984
1414691767 349503488
1414692077 349294592
1414692387 349192192
1414692697 349192192
1414693007 349081600
1414693317 349274112
1414693627 349892608
1414693937 348672000
1414694247 348848128
1414694557 348864512
1414694868 348938240
1414695178 348839936
1414695488 349118464
1414695798 349351936
1414696108 350392320
1414696420 370016256
1414696719 364056576
1414697028 364490752
1414697340 362708992
1414697646 381878272
1414697946 376569856
1414698256 376373248
1414698567 376438784
1414698877 376414208
1414699187 376573952
1414699497 376483840
1414699806 391634944
1414700116 388481024
1414700426 388489216
1414700736 386662400
1414701046 385912832
1414701356 386162688
1414701666 386162688
1414701978 368402432
1414702286 368553984
1414702596 368627712
1414702896 368832512
1414703206 368566272
1414703516 369078272
1414703826 368943104
1414704136 369012736
1414704446 355414016
1414704756 354721792
1414705067 354689024
1414705377 356503552
1414705687 318681088
1414705997 309772288
1414706310 297009152
1414706621 286482432
1414706915 312549376
1414707215 323686400
1414707517 335826944
1414707817 345935872
1414708118 364298240
1414708420 379211776
1414708722 375078912
1414709031 386994176
1414709333 397213696
1414709633 405835776
1414709936 416563200
1414710237 425406464
1414710539 432984064
1414710841 443723776
1414711158 460189696
1414711444 448610304
1414711745 417103872
1414712045 429375488
1414712347 431353856
1414712647 437362688
1414712949 448335872
1414713259 440852480
1414713562 448749568
1414713861 454762496
1414714162 453500928
1414714464 455610368
1414714764 451923968
1414715065 454209536
1414715372 411983872
1414715666 420372480
1414715976 430632960
1414716277 437063680
1414716579 445689856
1414716879 440971264
1414717190 452681728
1414717491 459751424
1414717801 453902336
1414718102 462929920
1414718403 448204800
1414718727 446312448
1414719015 440213504
1414719324 447582208
1414719634 454103040
1414719935 462987264
1414720246 450531328
1414720546 438554624
1414720856 436772864
1414721157 442933248
1414721467 451452928
1414721777 441655296
1414722078 447188992
1414722394 455151616
1414722691 438411264
1414722999 435503104
1414723300 441147392
1414723612 358576128
1414723910 371228672
1414724221 383369216
1414724531 395026432
1414724834 420368384
1414725142 432144384
1414725443 437338112
1414725754 444923904
1414726065 434081792
1414726364 417767424
1414726665 426913792
1414726975 431693824
1414727276 438280192
1414727576 442392576
1414727887 435642368
1414728198 437592064
1414728500 457519104
1414728799 444899328
1414729100 454344704
1414729401 465113088
1414729705 462602240
1414730003 451571712
1414730304 458461184
1414730605 464945152
1414730916 464601088
1414731219 473673728
1414731528 485384192
1414731843 498872320
1414732142 506363904
1414732446 507195392
1414733057 500965376
1414744182 488824832
1414744488 467857408
1414744789 473092096
1414745099 483287040
1414746379 464326656
1414746681 461447168
1414746980 474927104
1414747292 484093952
1414747906 476921856
1414748202 477024256
1414748512 490876928
1414748813 498413568
1414852907 343425024
1414862305 347045888
1414862616 357580800
1414862926 367595520
1414863236 378126336
1414863537 405708800
1414863846 415784960
1414864156 426315776
1414864466 436908032
1414864776 438276096
1414865076 446599168
1414865386 454389760
1414865697 459681792
1414866007 467177472
1414866323 485699584
1414866618 491298816
1414866927 499040256
1414867241 507129856
1415205092 461570048
1415205393 341401600
1415205703 331841536
1415206003 327454720
1415206314 330801152
1415206629 495517696
1415206934 141238272
1415207244 155516928
1415207554 159858688
1415207864 243519488
1415208164 166932480
1415208474 148623360
1415208784 211030016
1415209095 296882176
1415209405 373841920
1415209715 354848768
1415210025 349765632
1415210335 376815616
1415210645 391548928
1415210955 390889472
1415211265 388767744
1415211575 386117632
1415211885 390520832
1415212196 305311744
1415212505 334692352
1415212815 336125952
1415213125 335708160
1415213436 387784704
1415213738 451153920
1415214046 280104960
1415214356 280436736
1415214666 280485888
1415214976 280477696
1415215286 280768512
1415215596 280760320
1415215906 307355648
1415216216 306909184
1415216526 306921472
1415216836 306524160
1415217146 306692096
1415217456 306872320
1415217766 292626432
1415218072 316801024
1415218382 307499008
1415218692 307421184
1415219002 307720192
1415219312 307519488
1415219622 306159616
1415219932 305811456
1415220242 305983488
1415220552 305979392
1415220852 305790976
1415221163 306159616
1415221473 305811456
1415221783 305737728
1415222093 305778688
1415222403 305766400
1415222713 305815552
1415223023 306106368
1415223333 308486144
1415223643 308346880
1415223953 308203520
1415224263 308441088
1415224573 308187136
1415224883 308170752
1415225193 308215808
1415225503 308330496
1415225817 359645184
1415226123 353808384
1415226433 353230848
1415226733 359981056
1415227043 367898624
1415227354 358330368
1415227663 358039552
1415227973 358453248
1415228284 358055936
1415228594 358612992
1415228904 358400000
1415235991 458637312
1415236289 390602752
1415236600 379756544
1415236910 378822656
1415237220 378990592
1415237530 379129856
1415237841 379400192
1415238151 379682816
1415238456 450936832
1415238767 419708928
1415239077 411549696
1415239386 411529216
1415239696 409411584
1415240007 390324224
1415240316 388096000
1415240627 387481600
1415240937 386150400
1415241247 386646016
1415241557 385703936
1415241867 385228800
1415242177 384356352
1415242487 384081920
1415242797 384462848
1415243107 382353408
1415243407 367984640
1415243717 369053696
1415244027 369152000
1415244337 369078272
1415244647 367693824
1415244957 367812608
1415245267 367853568
1415245577 367988736
1415245888 368345088
1415246198 368222208
1415246508 368201728
1415246817 368373760
1415247128 382754816
1415247438 378425344
1415247748 378662912
1415248058 378454016
1415248368 378449920
1415248678 378486784
1415248989 341913600
1415249288 341819392
1415249598 341876736
1415249908 341762048
1415250219 344891392
1415250529 354947072
1415250839 354930688
1415251149 354836480
1415251460 355069952
1415251760 354299904
1415252070 354463744
1415252380 354496512
1415252690 363782144
1415253000 352382976
1415253310 352247808
1415253620 351862784
1415253930 352497664
1415254230 350134272
1415254541 350498816
1415254850 347836416
1415255160 348078080
1415255470 348008448
1415255781 347906048
1415256091 347754496
1415256401 347729920
1415256711 347721728
1415257023 346451968
1415407989 490045440
1415408297 523923456
1415408607 512032768
1415408917 510869504
1415409227 510914560
1415409537 510844928
1415409847 511148032
1415410157 510947328
1415410468 511180800
1415410777 510984192
1415411088 510951424
1415411397 511070208
1415411707 511737856
1415412017 616292352
1415412328 639582208
1415412638 640122880
1415412948 640155648
1415413258 640086016
1415413568 637464576
1415413878 681103360
1415414188 680820736
1415414498 680837120
1415414808 680873984
1415415108 680845312
1415415418 681050112
1415415728 680984576
1415416038 681127936
1415416348 681185280
1415416658 681037824
1415416968 680779776
1415417278 680976384
1415417588 680763392
1415417898 680951808
1415418208 681144320
1415418518 680837120
1415418828 681426944
1415419138 681582592
1415419448 681246720
1415419758 682053632
1415420068 681889792
1415420378 682168320
1415420688 681926656
1415420996 682356736
1415421306 682430464
1415421616 682287104
1415421916 682356736
1415422226 682434560
1415422536 682766336
1415422846 682549248
1415423156 682557440
1415423466 682672128
1415423776 682545152
1415424086 682590208
1415424395 682659840
1415424705 682491904
1415425015 682876928
1415425325 682934272
1415425625 682643456
1415425935 682971136
1415426245 683192320
1415426555 683433984
1415426865 683085824
1415427175 683012096
1415427485 683266048
1415427795 683012096
1415428105 682958848
1415428415 682909696
1415428725 683118592
1415429035 683024384
1415429345 683085824
1415429655 683700224
1415429965 683315200
1415430276 683253760
1415430586 683466752
1415430896 683601920
1415431205 683216896
1415431516 683212800
1415431826 683474944
1415432136 683102208
1415432446 683290624
1415432756 683380736
1415433066 683319296
1415433376 693116928
1415433686 687611904
1415433996 687628288
1415434306 687628288
1415434616 687517696
1415434926 687677440
1415435226 687636480
1415435536 687648768
1415435846 687595520
1415436156 687456256
1415436466 687566848
1415436776 687837184
1415437086 687972352
1415437396 688349184
1415437706 688058368
1415438016 687935488
1415438326 688095232
1415438636 688099328
1415438947 688058368
1415439248 688427008
1415439558 688185344
1415439869 688455680
1415440178 688177152
1415440488 688455680
1415440798 688345088
1415441109 688328704
1415441418 688447488
1415441728 720113664
1415442039 719810560
1415442349 720031744
1415442659 719892480
1415442969 719773696
1415443279 720080896
1415443589 719749120
1415443899 719757312
1415444209 720003072
1415444519 719970304
1415444829 720154624
1415445129 719699968
1415445439 719679488
1415445749 719966208
1415446059 719642624
1415446369 719654912
1415446679 719704064
1415446989 719826944
1415447299 719904768
1415447609 720113664
1415447919 719929344
1415448229 720113664
1415448539 719761408
1415448850 719663104
1415449160 719818752
1415449470 719777792
1415449780 719982592
1415450090 720367616
1415450400 720490496
1415450710 720658432
1415451020 721252352
1415451320 721276928
1415451630 721506304
1415451940 721588224
1415452250 722059264
1415452560 722198528
1415452870 722296832
1415453180 722759680
1415453490 722972672
1415453800 723226624
1415454110 724029440
1415454421 723959808
1415454730 724570112
1415455041 723603456
1415455351 723513344
1415455661 723374080
1415455971 723648512
1415456281 724111360
1415456591 724627456
1415456901 725024768
1415457211 724426752
1415457511 723841024
1415457821 723410944
1415458131 723726336
1415458441 719179776
1415458751 718942208
1415459061 718778368
1415459371 718970880
1415459681 719007744
1415459991 719384576
1415460301 719802368
1415460611 719867904
1415460921 720195584
1415461232 720510976
1415461541 720654336
1415461852 720019456
1415462162 715415552
1415462472 715411456
1415462782 715231232
1415463092 715202560
1415463402 715546624
1415463712 716001280
1415464012 716079104
1415464322 716578816
1415464632 715964416
1415464935 715390976
1415465245 715010048
1415465546 714567680
1415465855 710451200
1415466166 710373376
1415466476 709824512
1415466779 709914624
1415467087 709976064
1415467397 710119424
1415467707 724299776
1415468017 724475904
1415468327 724467712
1415468637 726458368
1415468947 728899584
1415469257 723103744
1415469567 723062784
1415469877 722915328
1415470187 722993152
1415470497 723238912
1415470808 721276928
1415471117 721031168
1415471427 721022976
1415471737 720912384
1415472047 720949248
1415472357 721240064
1415472667 721141760
1415472977 719847424
1415473287 719364096
1415473598 828317696
1415473904 919531520
1415474213 880508928
1415474523 891912192
1415474833 894738432
1415475143 903163904
1415475453 911286272
1415475763 917622784
1415476073 917766144
1415476383 963452928
1415476693 919367680
1415477003 1176039424
1415477313 1176788992
1415477623 1176580096
1415477933 1177341952
1415478243 1177772032
1415478553 1180864512
1415478863 1182380032
1415479173 1182343168
1415479484 1182146560
1415479793 1182949376
1415480103 1180340224
1415480414 1180327936
1415480723 1180205056
1415481034 1180319744
1415481343 1180561408
1415481654 1180495872
1415481964 1180622848
1415482274 1180274688
1415482584 1180532736
1415482894 1180393472
1415483204 1180602368
1415483514 1180581888
1415483824 1269211136
1415484134 1270157312
1415484444 1269870592
1415484754 1270067200
1415485054 1271058432
1415485364 1275625472
1415485674 1275383808
1415485984 1272967168
1415486294 1282981888
1415486604 1271173120
1415486914 1270976512
1415487224 1268776960
1415487534 1268690944
1415487844 1268383744
1415488154 1226022912
1415488461 1291472896
1415488770 1155891200
1415489080 1155915776
1415489390 1156153344
1415489700 1156022272
1415490010 1156325376
1415490320 1156276224
1415490630 1156067328
1415490940 1156243456
1415491250 1156227072
1415491560 1156648960
1415491870 1156677632
1415492180 1157107712
1415492490 1157095424
1415492800 1156902912
1415493110 1157009408
1415493420 1157046272
1415493730 1157005312
1415494040 1157423104
1415494350 1157677056
1415494660 1157734400
1415494970 1152929792
1415495280 1152663552
1415495591 1152593920
1415495900 1152638976
1415496210 1152860160
1415496520 1152544768
1415496830 1153241088
1415497140 1152868352
1415497450 1153191936
1415497760 1153069056
1415498070 1153114112
1415498380 1153372160
1415498690 1153007616
1415499000 1153036288
1415499310 1153138688
1415499620 1153712128
1415499930 1153794048
1415500241 1153888256
1415500550 1153552384
1415500860 1153941504
1415501170 1153896448
1415501480 1154052096
1415501790 1153753088
1415502100 1155555328
1415502410 1154404352
1415502720 1154396160
1415503030 1154453504
1415503340 1154445312
1415503650 1154772992
1415503960 1154965504
1415504270 1154666496
1415504580 1154809856
1415504890 1154740224
1415505200 1155031040
1415505510 1154670592
1415505820 1154682880
1415506130 1155153920
1415506440 1155141632
1415506751 1155641344
1415507060 1155317760
1415507370 1155190784
1415507680 1155084288
1415507990 1155182592
1415508300 1171988480
1415508611 1351553024
1415508921 1229660160
1415509230 1244315648
1415509540 1245483008
1415509850 1247240192
1415510160 1247211520
1415510470 1214623744
1415510780 1244008448
1415511090 1243328512
1415511400 1245483008
1415511710 1244098560
1415512015 1254068224
1415512324 1375367168
1415512634 1312608256
1415512944 1344872448
1415513255 1412583424
1415513564 1240399872
1415513874 1269669888
1415514184 1274413056
1415514494 1274548224
1415514804 1274404864
1415515115 1276588032
1415515424 1275748352
1415515734 1275678720
1415516044 1207779328
1415516354 1207734272
1415516664 1154748416
1415516974 1154105344
1415517284 1171857408
1415517594 1171722240
1415517904 1171906560
1415518214 1184497664
1415518524 1184477184
1415518834 1184387072
1415519144 1185259520
1415519454 1186459648
1415519764 1185337344
1415520074 1185632256
1415520384 1185558528
1415520694 1184268288
1415521004 1187934208
1415521314 1188098048
1415521624 1188098048
1415521934 1189158912
1415522244 1189089280
1415522549 1205641216
1415522859 1205772288
1415523169 1205989376
1415523479 1195171840
1415523789 1102794752
1415524099 1095626752
1415524409 1093492736
1415524718 1099309056
1415525029 1101889536
1415525339 1100816384
1415525649 1102458880
1415525959 1102065664
1415526269 1101320192
1415526579 1098391552
1415526889 1093316608
1415527199 1093812224
1415527509 1094193152
1415527819 1094324224
1415528129 1097699328
1415528439 1097502720
1415528749 1097502720
1415529059 1097674752
1415529369 1097715712
1415529679 1097900032
1415529989 1097699328
1415530299 1101996032
1415530608 1101414400
1415530919 1101611008
1415531229 1102405632
1415531538 1102102528
1415531849 1105027072
1415532158 1105391616
1415532469 1105481728
1415532778 1105174528
1415533089 1105428480
1415533398 1105113088
1415533709 1107173376
1415534019 1107804160
1415534328 1108058112
1415534639 1108054016
1415534948 1108381696
1415535259 1108402176
1415535568 1111027712
1415535878 1111269376
1415536189 1111265280
1415536498 1111715840
1415536808 1111527424
1415537119 1111650304
1415537428 1113284608
1415537739 1112670208
1415538048 1112604672
1415538358 1107042304
1415538668 1106714624
1415538978 1108971520
1415539288 1108533248
1415539598 1108557824
1415539908 1108611072
1415540218 1108488192
1415540528 1108742144
1415540838 1108791296
1415541148 1108742144
1415541458 1108934656
1415541768 1109037056
1415542078 1109409792
1415542388 1109024768
1415542698 1112588288
1415543008 1113759744
1415543318 1113841664
1415543628 1113804800
1415543938 1113899008
1415544248 1114554368
1415544558 1114697728
1415544868 1114689536
1415545178 1114656768
1415545488 1115602944
1415545798 1115598848
1415546108 1116536832
1415546418 1116868608
1415546728 1116712960
1415547038 1117265920
1415547348 1117110272
1415547658 1117351936
1415547968 1117110272
1415548278 1117310976
1415548588 1117462528
1415548898 1117462528
1415549208 1117442048
1415549518 1117351936
1415549828 1118670848
1415550138 1118461952
1415550448 1118511104
1415550758 1118629888
1415551068 1119211520
1415551378 1118928896
1415551688 1119182848
1415551998 1119084544
1415552308 1119166464
1415552618 1119354880
1415552928 1119232000
1415553238 1120305152
1415553548 1120567296
1415553858 1120702464
1415554168 1120911360
1415554478 1120747520
1415554788 1121873920
1415555098 1120727040
1415555408 1121079296
1415555718 1121107968
1415556028 1120989184
1415556338 1121320960
1415556648 1121411072
1415556958 1122201600
1415557268 1121718272
1415557578 1122406400
1415557883 1122652160
1415558193 1122828288
1415558503 1122656256
1415558813 1123610624
1415559123 1123508224
1415559433 1123696640
1415559743 1123663872
1415560053 1118683136
1415560363 1118597120
1415560672 1120137216
1415560983 1120940032
1415561292 1120935936
1415561603 1121222656
1415561912 1120927744
1415562223 1121112064
1415562533 1121361920
1415562842 1121316864
1415563153 1121374208
1415563463 1121484800
1415563772 1121370112
1415564083 1123553280
1415564392 1123999744
1415564703 1123700736
1415565012 1123823616
1415565323 1124245504
1415565632 1123934208
1415565943 1124171776
1415566252 1123725312
1415566562 1121390592
1415566872 1121935360
1415567182 1121796096
1415567493 1121906688
1415567802 1123127296
1415568113 1123209216
1415568422 1123004416
1415568732 1123516416
1415569042 1123590144
1415569352 1123516416
1415569662 1124065280
1415569972 1123549184
1415570282 1120120832
1415570592 1119764480
1415570902 1119952896
1415571212 1119907840
1415571522 1120833536
1415571832 1120780288
1415572142 1120878592
1415572452 1121480704
1415572762 1120256000
1415573072 1120268288
1415573382 1120145408
1415573692 1113034752
1415574002 1112330240
1415574312 1112096768
1415574622 1112248320
1415574932 1112903680
1415575242 1112768512
1415575552 1113100288
1415575862 1112899584
1415576172 1113239552
1415576482 1113247744
1415576789 1113395200
1415577099 1113456640
1415577409 1112666112
1415577719 1113710592
1415578029 1112530944
1415578339 1112469504
1415578649 1113387008
1415578959 1113661440
1415579259 1113554944
1415579569 1113411584
1415579879 1113829376
1415580189 1113677824
1415580499 1113554944
1415580809 1124110336
1415581119 1121243136
1415581429 1121280000
1415581739 1117814784
1415582049 1117736960
1415582359 1118437376
1415582669 1118154752
1415582979 1118285824
1415583289 1118380032
1415583599 1118142464
1415583909 1118294016
1415584219 1118679040
1415584529 1118814208
1415584839 1118625792
1415598324 547700736
1415598633 655552512
1415598943 662740992
1415599253 670375936
1415599564 774344704
1415599873 783503360
1415600183 781111296
1415600488 1247563776
1417235308 738631680
1417235612 647245824
1417235922 691535872
1417236232 707776512
1417236542 710516736
