1410716556 149
1410716866 154
1410717177 149
1410717487 149
1410717797 149
1410718107 149
1410718417 149
1410718717 149
1410719027 149
1410719337 149
1410719647 149
1410719957 149
1410720267 149
1410720577 149
1410720887 149
1410721197 149
1410721502 153
1410721811 152
1410722114 154
1410722424 152
1410722734 153
1410723044 152
1410723354 150
1410723665 150
1410723975 150
1410724285 150
1410724595 150
1410724905 150
1410725215 148
1410725525 148
1410725825 148
1410726135 148
1410726445 148
1410726755 148
1410727065 148
1410727375 148
1410727686 148
1410727996 148
1410728306 148
1410728616 148
1410728926 148
1410729236 148
1410729546 148
1410729856 148
1410730166 148
1410730466 148
1410730776 148
1410731086 148
1410731397 148
1410731706 148
1410732016 148
1410732326 148
1410732636 148
1410732947 148
1410733256 148
1410733567 148
1410733877 148
1410734187 148
1410734497 148
1410734807 148
1410735117 148
1410735427 148
1410735737 148
1410736047 148
1410736357 148
1410736667 148
1410736967 148
1410737277 148
1410737587 148
1410737897 148
1410738207 148
1410738517 148
1410738827 148
1410739137 148
1410739448 148
1410739757 148
1410740067 148
1410740377 148
1410740688 148
1410740998 148
1410741308 148
1410741618 148
1410741928 148
1410742238 148
1410742548 148
1410742858 148
1410743168 148
1410743478 148
1410743788 148
1410744098 148
1410744398 148
1410744708 148
1410745018 148
1410745328 148
1410745638 148
1410745948 148
1410746258 148
1410746568 148
1410746878 148
1410747188 148
1410747498 127
1410748464 129
1410748774 159
1410749084 128
1410749394 128
1410749704 158
1410750014 158
1410750324 165
1410750634 123
1410750934 123
1410751244 123
1410751554 123
1410751864 123
1410752174 123
1410752484 123
1410752794 123
1410753104 123
1410753414 123
1410753724 123
1410754034 123
1410754344 123
1410754654 123
1410754964 123
1410755274 123
1410755584 123
1410755895 124
1410756205 123
1410756515 123
1410756825 123
1410757135 123
1410757445 123
1410757755 123
1410758065 123
1410758371 123
1410758681 123
1410758991 123
1410759301 123
1410759611 123
1410759922 123
1410760232 123
1410760542 123
1410760852 123
1410761162 123
1410761472 123
1410761782 123
1410762092 123
1410762402 123
1410762712 123
1410763022 123
1410763332 123
1410763642 123
1410763952 123
1410764262 123
1410764572 123
1410764882 123
1410765192 123
1410765502 123
1410765812 123
1410766122 123
1410766432 123
1410766732 123
1410767042 123
1410767352 123
1410767662 123
1410767972 123
1410768283 128
1410768592 123
1410768902 123
1410769212 123
1410769522 123
1410769832 123
1410770142 123
1410770452 123
1410770763 123
1410771073 123
1410771383 123
1410771693 123
1410772003 123
1410772313 123
1410772623 123
1410772933 123
1410773243 123
1410773553 123
1410773863 123
1410774173 123
1410774483 123
1410774793 123
1410775103 123
1410775413 123
1410775723 123
1410776033 123
1410776343 123
1410776653 123
1410776963 123
1410777273 123
1410777583 123
1410777893 123
1410778203 123
1410778503 123
1410778813 123
1410779123 123
1410779433 123
1410779743 123
1410780053 123
1410780363 123
1410780673 123
1410780983 123
1410781293 123
1410781603 123
1410781913 123
1410782223 123
1410782533 123
1410782843 123
1410783153 123
1410783463 123
1410783773 123
1410784083 123
1410784393 123
1410784704 123
1410785014 123
1410785324 123
1410785634 123
1410785944 123
1410786254 123
1410786564 123
1410786874 123
1410787184 123
1410787494 123
1410787804 123
1410788114 123
1410788424 123
1410788734 123
1410789044 123
1410789354 123
1410789661 123
1410789971 123
1410790281 123
1410790591 123
1410790901 123
1410791211 123
1410791511 123
1410791821 123
1410792131 123
1410792441 123
1410792751 123
1410793061 123
1410793371 123
1410793681 123
1410793991 123
1410794301 123
1410794611 123
1410794921 123
1410795231 123
1410795541 123
1410795851 123
1410796161 123
1410796471 123
1410796781 123
1410797091 123
1410797402 123
1410797711 123
1410798022 123
1410798332 123
1410798641 123
1410798952 123
1410799262 123
1410799572 123
1410799882 123
1410800192 123
1410800502 123
1410800812 123
1410801122 123
1410801432 123
1410801742 123
1410802052 123
1410802362 123
1410802672 123
1410802982 123
1410803292 123
1410803602 123
1410803912 123
1410804212 123
1410804522 150
1410804832 150
1410805142 150
1410805452 150
1410805762 150
1410806072 150
1410806382 150
1410806692 150
1410807002 150
1410807312 150
1410807622 150
1410807932 150
1410808242 150
1410808552 150
1410808862 150
1410809172 150
1410809482 150
1410809792 150
1410810102 150
1410810412 150
1410810723 150
1410811033 150
1410811343 150
1410811653 150
1410811963 150
1410812273 150
1410812583 150
1410812893 150
1410813203 150
1410813513 150
1410813823 150
1410814133 150
1410814443 150
1410814753 150
1410815063 150
1410815373 150
1410815683 150
1410815993 150
1410816303 150
1410816613 150
1410816923 150
1410817233 151
1410817533 150
1410817843 150
1410818153 150
1410818463 150
1410818773 150
1410819083 150
1410819393 150
1410819703 150
1410820013 150
1410820323 150
1410820633 150
1410820934 150
1410821244 150
1410821554 150
1410821864 150
1410822174 150
1410822484 150
1410822794 150
1410823104 150
1410823414 150
1410823724 151
1410824034 150
1410824344 150
1410824654 150
1410824964 150
1410825274 150
1410825584 150
1410825894 150
1410826205 150
1410826514 150
1410826825 150
1410827134 150
1410827444 150
1410827755 151
1410828064 151
1410828375 151
1410828685 151
1410828995 151
1410829305 151
1410829615 151
1410829925 151
1410830235 151
1410830545 151
1410830855 151
1410831165 151
1410831475 151
1410831785 151
1410832095 151
1410832405 151
1410832715 151
1410833025 151
1410833335 151
1410833645 151
1410833955 151
1410834255 151
1410834565 151
1410834875 151
1410835185 151
1410835495 151
1410835805 151
1410836115 151
1410836425 151
1410836735 151
1410837045 151
1410837355 151
1410837665 151
1410837975 151
1410838285 151
1410838595 151
1410838905 151
1410839215 151
1410839525 151
1410839835 151
1410840146 151
1410840455 151
1410840765 151
1410841075 151
1410841386 151
1410841696 152
1410842006 151
1410842316 151
1410842626 151
1410842936 151
1410843246 151
1410843556 151
1410843866 151
1410844176 151
1410844486 151
1410844796 151
1410845106 151
1410845416 151
1410845726 151
1410846036 151
1410846346 151
1410846656 151
1410846966 151
1410847266 151
1410847576 151
1410847886 151
1410848196 151
1410848506 151
1410848816 151
1410849126 151
1410849436 151
1410849746 151
1410850056 151
1410850366 151
1410850673 151
1410850983 151
1410851293 151
1410851603 151
1410851913 151
1410852223 151
1410852533 151
1410852843 162
1410853153 162
1410853463 162
1410853774 162
1410854084 162
1410854394 162
1410854704 162
1410855014 162
1410855324 162
1410855634 162
1410855944 162
1410856254 162
1410856564 162
1410856874 162
1410857184 162
1410857494 162
1410857804 162
1410858114 162
1410858424 162
1410858734 162
1410859044 162
1410859354 162
1410859664 162
1410859974 162
1410860284 162
1410860584 162
1410860894 162
1410861204 162
1410861514 162
1410861824 162
1410862134 162
1410862444 162
1410862754 162
1410863064 162
1410863374 162
1410863684 162
1410863994 162
1410864304 164
1410864614 164
1410864924 165
1410865234 167
1410865544 165
1410865854 165
1410866164 163
1410866474 163
1410866784 163
1410867094 163
1410867404 163
1410867714 163
1410868025 163
1410868334 163
1410868645 163
1410868955 167
1410869265 167
1410869575 167
1410869885 167
1410870195 167
1410870506 170
1410870816 171
1410871115 169
1410871425 170
1410871727 170
1410872041 169
1410872339 169
1410872649 169
1410872959 169
1410873269 169
1410873579 169
1410873889 169
1410874199 169
1410874509 169
1410874819 169
1410875129 169
1410875439 169
1410875750 169
1410876059 169
1410876369 169
1410876679 169
1410876989 165
1410877299 165
1410877609 165
1410877916 165
1410878226 165
1410878536 165
1410878846 165
1410879156 165
1410879467 165
1410879776 165
1410880086 165
1410880396 165
1410880706 165
1410881016 165
1410881326 165
1410881636 165
1410881946 165
1410882256 165
1410882566 165
1410882876 165
1410883186 165
1410883496 165
1410883806 165
1410884116 165
1410884426 165
1410884736 165
1410885046 165
1410885356 165
1410885666 165
1410885976 165
1410886286 165
1410886596 165
1410886906 165
1410887216 165
1410887526 165
1410887836 165
1410888146 165
1410888456 165
1410888766 165
1410889076 165
1410889386 165
1410889696 165
1410890006 165
1410890316 165
1410890629 167
1410890937 164
1410891247 137
1410891557 137
1410895153 121
1410896907 124
1410897216 122
1410897526 122
1410897837 122
1410898146 127
1410898456 122
1410898766 122
1410899076 122
1410899387 122
1410899697 122
1410900007 122
1410900317 122
1410900627 122
1410900937 122
1410901247 122
1410901557 122
1410901867 122
1410902177 122
1410902477 122
1410902787 122
1410903097 122
1410903407 122
1410903717 122
1410904027 122
1410904337 122
1410904647 123
1410904957 123
1410905262 124
1410905572 123
1410905883 123
1410906193 123
1410906503 123
1410906813 123
1410907123 123
1410907433 123
1410907743 123
1410908053 123
1410908363 123
1410908673 123
1410908983 123
1410909293 123
1410909593 123
1410909903 123
1410910213 123
1410910523 123
1410910833 123
1410911143 123
1410911453 123
1410911763 123
1410912074 123
1410912383 123
1410912693 123
1410913004 123
1410913314 123
1410913624 123
1410913934 123
1410914244 123
1410914554 123
1410914864 123
1410915174 123
1410915484 123
1410915794 123
1410916104 123
1410916414 123
1410916724 123
1410917024 123
1410917334 123
1410917644 123
1410917954 123
1410918264 123
1410918574 123
1410918884 123
1410919194 123
1410919505 123
1410919816 126
1411005659 119
1411005967 157
1411006277 159
1411006587 154
1411006898 162
1411007208 162
1411007518 163
1411007828 163
1411008138 163
1411008448 162
1411008758 164
1411009069 161
1411009379 158
1411009679 154
1411009989 154
1411010299 154
1411010614 158
1411010910 154
1411846743 155
1411847136 125
1411847445 123
1411847755 123
1411848065 123
1411848375 123
1411848685 123
1411848996 123
1411849305 123
1411849616 123
1411849926 123
1411850236 123
1411850546 123
1411850856 123
1411851166 123
1411851476 129
1411851786 127
1411852096 127
1411852396 127
1411852706 122
1411853016 122
1411853326 122
1411853636 122
1411853946 123
1411854256 122
1411854566 122
1411854876 122
1411855186 122
1411855496 122
1411855806 122
1411856117 122
1411856427 122
1411856737 122
1411857047 122
1411857357 122
1411857667 122
1411857977 122
1411858287 122
1411858597 122
1411858907 122
1411859217 122
1411859527 122
1411859837 122
1411860147 122
1411860457 122
1411860767 122
1411861077 122
1411861379 122
1411861689 122
1411861999 122
1411862309 122
1411862619 122
1411862929 122
1411863239 122
1411863549 122
1411863849 122
1411864159 122
1411864469 122
1411864779 122
1411865089 122
1411865399 122
1411865709 122
1411866019 122
1411866329 122
1411866639 122
1411866949 122
1411867259 122
1411867569 122
1411867879 122
1411868189 122
1411868499 122
1411868809 122
1411869119 122
1411869429 122
1411869740 122
1411870049 122
1411870360 122
1411870670 122
1411870980 122
1411871290 122
1411871600 122
1411871910 122
1411872220 122
1411872530 122
1411872840 122
1411873150 122
1411873460 122
1411873770 122
1411874080 122
1411874390 122
1411874700 122
1411875010 124
1411875310 122
1411875620 122
1411875930 122
1411876240 122
1411876550 122
1411876860 122
1411877170 122
1411877480 122
1411877790 122
1411878100 122
1411878410 122
1411878720 122
1411879030 122
1411879340 122
1411879650 122
1411879960 122
1411880270 122
1411880580 122
1411880890 122
1411881200 122
1411881510 122
1411881820 122
1411882131 122
1411882441 122
1411882751 122
1411883061 122
1411883371 122
1411883681 122
1411883991 122
1411884301 122
1411884611 122
1411884921 122
1411885231 122
1411885541 122
1411885851 122
1411886161 122
1411886461 122
1411886771 122
1411887081 122
1411887388 122
1411887698 122
1411888008 122
1411888318 122
1411888618 122
1411888928 122
1411889238 122
1411889548 122
1411889858 122
1411890168 122
1411890478 122
1411890788 122
1411891098 122
1411891408 122
1411891718 122
1411892028 122
1411892333 122
1411892643 127
1411892944 127
1411893254 127
1411893564 128
1411893873 122
1411894183 122
1411894494 122
1411894804 122
1411895114 122
1411895424 122
1411895734 122
1411896044 122
1411896354 122
1411896664 122
1411896974 122
1411897284 122
1411897594 122
1411897904 122
1411898214 122
1411898524 122
1411898834 122
1411899144 122
1411899454 122
1411899764 122
1411900074 122
1411900374 122
1411900684 122
1411900994 122
1411901304 122
1411901614 122
1411901924 122
1411902234 122
1411902544 122
1411902854 122
1411903164 122
1411903474 122
1411903784 122
1411904094 122
1411904404 122
1411904714 122
1411905024 122
1411905334 122
1411905644 122
1411905954 122
1411906265 122
1411906575 124
1411906885 124
1411907195 124
1411907505 125
1411907815 122
1411908125 122
1411908435 122
1411908745 122
1411909055 122
1411909365 122
1411909675 122
1411909985 122
1411910295 122
1411910605 122
1411910915 122
1411911225 122
1411911535 122
1411911845 122
1411912155 122
1411912455 122
1411912765 122
1411913075 122
1411913385 122
1411913695 124
1411914005 125
1411914315 131
1411914625 125
1411914935 125
1411915245 125
1411915555 123
1411915865 123
1411916175 123
1411916485 123
1411916796 123
1411917106 123
1411917416 123
1411917726 123
1411918036 123
1411918346 123
1411918656 123
1411918966 123
1411919276 123
1411919586 123
1411919896 123
1411920206 123
1411920506 123
1411920816 123
1411921126 123
1411921436 123
1411921746 123
1411922056 123
1411922362 123
1411922664 123
1411922974 123
1411923284 123
1411923594 123
1411923904 123
1411924214 123
1411924524 123
1411924834 123
1411925134 123
1411925444 123
1411925754 123
1411926064 123
1411926374 123
1411926684 123
1411926994 123
1411927304 123
1411927612 123
1411927922 123
1411928232 123
1411928542 123
1411928853 123
1411929163 123
1411929473 123
1411929783 123
1411930093 123
1411930403 123
1411930713 123
1411931023 123
1411931333 123
1411931643 123
1411931953 123
1411932263 123
1411932573 123
1411932883 123
1411933193 123
1411933503 124
1411933813 123
1411934113 123
1411934423 123
1411934733 123
1411935043 123
1411935353 123
1411935663 123
1411935973 123
1411936283 123
1411936593 123
1411936903 123
1411937213 123
1411937523 123
1411937833 123
1411938143 123
1411938453 123
1411938763 123
1411939073 123
1411939383 123
1411939693 123
1411940003 123
1411940314 123
1411940624 123
1411940934 123
1411941244 123
1411941554 123
1411941864 123
1411942174 123
1411942484 123
1411942794 123
1411943104 123
1411943414 123
1411943714 123
1411944024 123
1411944334 123
1411944644 123
1411944954 123
1411945264 123
1411945574 123
1411945884 123
1411946194 123
1411946504 123
1411946814 123
1411947124 123
1411947435 123
1411947744 123
1411948055 123
1411948365 123
1411948675 123
1411948985 123
1411949295 123
1411949605 123
1411949915 123
1411950219 123
1411950529 123
1411950839 123
1411951149 123
1411951459 123
1411951769 123
1411952079 123
1411952389 123
1411952699 123
1411953009 123
1411953319 123
1411953629 123
1411953939 123
1411954239 123
1411954549 123
1411954859 123
1411955169 123
1411955479 123
1411955789 123
1411956099 123
1411956409 123
1411956719 123
1411957030 123
1411957340 123
1411957650 123
1411957956 123
1411958266 123
1411958576 123
1411958886 123
1411959192 123
1411959503 123
1411959813 123
1411960123 123
1411960433 123
1411960743 123
1411961053 123
1411961363 123
1411961673 123
1411961983 123
1411962293 123
1411962603 123
1411962913 123
1411963223 123
1411963523 123
1411963833 123
1411964143 123
1411964453 123
1411964763 123
1411965073 123
1411965383 123
1411965693 123
1411966003 123
1411966313 125
1411966615 127
1411967193 125
1411967502 154
1411967812 154
1411968372 144
1411968682 160
1411968992 155
1411969292 153
1411969602 152
1411969912 152
1411970213 152
1411970523 152
1411970833 152
1411971143 152
1411971453 152
1411971764 152
1411972073 152
1411972384 156
1411972693 151
1411973003 151
1411973314 151
1411973623 151
1411973934 151
1411974244 151
1411974554 151
1411974864 151
1411975174 151
1411975484 151
1411975794 151
1411976104 151
1411976414 151
1411976714 151
1411977024 151
1411977334 151
1411977644 151
1411977954 151
1411978264 151
1411978574 151
1411978884 151
1411979194 151
1411979504 151
1411979814 151
1411980124 151
1411980434 151
1411980744 151
1411981054 151
1411981364 151
1411981674 151
1411981984 151
1411982294 151
1411982604 151
1411982914 151
1411983224 151
1411983534 151
1411983844 151
1411984154 151
1411984465 153
1411984774 151
1411985084 151
1411985395 151
1411985705 151
1411986015 151
1411986325 151
1411986635 151
1411986945 151
1411987255 151
1411987565 151
1411987875 151
1411988185 151
1411988495 151
1411988805 151
1411989115 151
1411989425 151
1411989735 151
1411990045 151
1411990355 151
1411990665 151
1411990975 151
1411991285 151
1411991595 151
1411991905 151
1411992215 151
1411992525 151
1411992835 151
1411993145 151
1411993455 151
1411993765 151
1411994075 151
1411994385 151
1411994685 151
1411994995 151
1411995305 151
1411995615 151
1411995925 151
1411996235 151
1411996545 151
1411996855 151
1411997165 151
1411997475 151
1411997785 151
1411998095 151
1411998405 151
1411998715 151
1411999025 151
1411999335 151
1411999645 151
1411999955 151
1412000265 151
1412000575 151
1412000885 151
1412001195 151
1412001500 151
1412001810 151
1412002116 151
1412002426 151
1412002734 151
1412003043 151
1412003353 151
1412003663 151
1412003973 151
1412004283 151
1412004593 151
1412004903 151
1412005213 151
1412005513 151
1412005823 151
1412006133 151
1412006443 151
1412006753 151
1412007063 151
1412007371 151
1412007681 151
1412007991 151
1412008301 151
1412008601 151
1412008911 151
1412009221 151
1412009531 151
1412009841 151
1412010151 151
1412010461 151
1412010771 151
1412011077 152
1412011378 151
1412011679 151
1412011987 151
1412012297 151
1412012607 151
1412012917 151
1412013227 151
1412013537 151
1412013847 151
1412014157 151
1412014468 151
1412014778 151
1412015085 152
1412015385 153
1412015727 145
1412016037 155
1412016483 122
1412016793 122
1412017098 122
1412017408 122
1412017718 122
1412018028 122
1412018338 122
1412018639 122
1412018940 122
1412019250 122
1412019557 122
1412019867 122
1412020176 122
1412020487 122
1412020797 122
1412021107 122
1412021408 122
1412021718 122
1412022024 122
1412022334 122
1412022644 122
1412022954 122
1412023264 122
1412023574 122
1412023884 122
1412024192 122
1412024502 122
1412024812 122
1412025122 122
1412025432 122
1412025742 122
1412026042 122
1412026352 122
1412026662 122
1412026972 122
1412027276 122
1412027586 122
1412027896 122
1412028206 122
1412028516 122
1412028816 122
1412029126 122
1412029436 122
1412029746 122
1412030056 122
1412030366 122
1412030676 122
1412030986 122
1412031296 122
1412031598 122
1412031908 122
1412032218 122
1412032529 122
1412032839 122
1412033149 122
1412033459 122
1412033769 122
1412034075 122
1412034385 122
1412034695 122
1412035005 122
1412035315 122
1412035625 122
1412035935 122
1412036245 122
1412036555 122
1412036855 122
1412037165 122
1412037475 122
1412037785 122
1412038095 122
1412038405 122
1412038715 122
1412039025 122
1412039335 122
1412039645 122
1412039956 122
1412040265 122
1412040576 122
1412040886 122
1412041196 122
1412041506 122
1412041816 122
1412042126 122
1412042436 122
1412042746 124
1412043056 126
1412043366 130
1412043676 131
1412043976 134
1412044286 133
1412044596 133
1412044906 133
1412045217 133
1412045527 133
1412045827 128
1412046138 133
1412046447 134
1412046757 132
1412047067 133
1412047377 133
1412047687 133
1412047997 132
1412048308 133
1412048618 133
1412048918 134
1412049228 128
1412049538 128
1412050033 144
1412050343 128
1412050643 130
1412050953 130
1412051263 130
1412051573 130
1412051883 131
1412052193 130
1412052503 130
1412052814 130
1412053123 130
1412053434 130
1412053744 130
1412054054 129
1412054364 122
1412054674 122
1412054984 122
1412055294 122
1412055604 122
1412055914 122
1412056224 122
1412056534 122
1412056844 123
1412057154 122
1412057464 122
1412057765 122
1412058075 122
1412058377 122
1412058687 122
1412058997 122
1412059302 122
1412059613 122
1412059923 122
1412060233 122
1412060542 122
1412060853 122
1412061163 122
1412061473 122
1412061783 122
1412062093 122
1412062399 122
1412062700 122
1412063010 122
1412063319 122
1412063621 122
1412063931 122
1412064241 122
1412064551 122
1412064861 122
1412065171 122
1412065481 122
1412065791 122
1412066101 122
1412066411 122
1412066721 122
1412067021 122
1412067331 122
1412067633 122
1412067934 122
1412068244 122
1412068548 122
1412068858 122
1412069168 122
1412069478 122
1412069788 122
1412070098 122
1412070408 122
1412070718 122
1412071028 122
1412071338 122
1412071648 122
1412071958 122
1412072268 122
1412072578 122
1412072888 122
1412073198 122
1412073508 122
1412073818 122
1412074128 122
1412074438 122
1412074748 122
1412075058 122
1412075358 122
1412075668 122
1412075968 122
1412076278 122
1412076588 122
1412076898 122
1412077208 122
1412077518 122
1412077828 122
1412078138 122
1412078448 122
1412078758 122
1412079068 122
1412079378 122
1412079688 122
1412079998 122
1412080308 122
1412080619 122
1412080928 122
1412081238 122
1412081549 122
1412081858 122
1412082169 122
1412082478 122
1412082789 122
1412083098 122
1412083408 126
1412083719 124
1412084029 124
1412084339 124
1412084649 124
1412084959 124
1412085269 124
1412085579 124
1412085889 124
1412086199 124
1412086509 124
1412086819 124
1412087129 124
1412087439 124
1412087749 124
1412088059 124
1412088369 124
1412088679 124
1412088989 124
1412089299 124
1412089609 125
1412089919 125
1412090229 125
1412090539 125
1412090849 125
1412091159 125
1412091469 125
1412091769 125
1412092079 125
1412092389 125
1412092699 125
1412093009 125
1412093319 125
1412093629 125
1412093939 125
1412094249 125
1412094559 125
1412094869 125
1412095180 125
1412095489 125
1412095800 125
1412096110 125
1412096419 125
1412096730 125
1412097039 125
1412097350 125
1412097660 125
1412097969 125
1412098280 125
1412098585 125
1412098896 125
1412099206 125
1412099516 125
1412099826 125
1412100136 125
1412100446 125
1412100756 125
1412101066 125
1412101376 125
1412101686 125
1412101996 125
1412102306 125
1412102616 125
1412102926 125
1412103236 125
1412103546 125
1412103856 125
1412104166 125
1412104476 125
1412104776 125
1412105086 125
1412105396 125
1412105706 125
1412106016 125
1412106326 125
1412106636 126
1412106947 125
1412107256 125
1412107567 125
1412107876 125
1412108187 125
1412108496 125
1412108807 125
1412109116 125
1412109426 125
1412109737 125
1412110046 125
1412110357 125
1412110667 125
1412110977 125
1412111287 125
1412111597 125
1412111907 125
1412219586 121
1412219894 123
1412220204 123
1412220515 123
1412220825 123
1412221135 123
1412221445 123
1412221755 123
1412222065 123
1412222375 123
1412222685 123
1412223210 127
1412223517 123
1412223827 123
1412224137 123
1412224447 123
1412224757 123
1412225067 123
1412225378 126
1412225688 127
1412225998 125
1412226308 125
1412226618 125
1412226928 123
1412227238 127
1412227548 123
1412227858 122
1412228158 122
1412228468 122
1412228778 122
1412229088 122
1412229398 122
1412229708 122
1412230018 122
1412230328 122
1412230639 122
1412230949 122
1412231259 122
1412231569 122
1412231879 122
1412232189 122
1412232498 124
1412232808 122
1412233118 122
1412233428 122
1412233738 122
1412234048 122
1412234358 122
1412234668 122
1412234978 122
1412235289 122
1412235599 122
1412235909 122
1412236219 122
1412236529 122
1412236839 122
1412237149 122
1412237459 123
1412237769 123
1412238079 123
1412238389 123
1412238699 123
1412239009 123
1412239309 123
1412239619 123
1412239929 123
1412240239 123
1412240549 123
1412240859 123
1412241169 123
1412241479 123
1412241789 123
1412242099 123
1412242409 123
1412242720 123
1412243030 123
1412243340 123
1412243650 123
1412243960 123
1412244270 123
1412244580 123
1412244890 123
1412245200 123
1412245510 123
1412245820 123
1412246130 123
1412246440 123
1412246750 123
1412247060 123
1412247370 123
1412247670 123
1412247980 123
1412248290 123
1412248600 123
1412248910 123
1412249220 123
1412249530 123
1412249840 123
1412250150 123
1412250460 123
1412250770 123
1412251080 123
1412251391 123
1412251701 123
1412252011 123
1412252321 123
1412252631 123
1412252941 123
1412253251 123
1412253561 123
1412253871 123
1412254181 123
1412256835 120
1412257144 122
1412257454 122
1412257764 122
1412258074 122
1412258384 122
1412258694 122
1412258994 122
1412259304 123
1412259614 122
1412259924 122
1412260234 122
1412260534 122
1412260844 122
1412261154 122
1412261464 122
1412261774 122
1412262084 122
1412262394 122
1412262704 122
1412263014 122
1412263324 122
1412263634 122
1412263944 122
1412264254 122
1412264564 122
1412264875 122
1412265184 122
1412265495 122
1412265805 122
1412266115 122
1412266425 122
1412266735 122
1412267045 122
1412267355 122
1412267665 122
1412267975 122
1412268285 125
1412268913 152
1412269223 131
1412269533 131
1412269843 131
1412270153 131
1412270463 131
1412270773 131
1412271083 133
1412271393 133
1412271693 133
1412272003 133
1412272313 133
1412272623 133
1412272933 133
1412273243 133
1412273553 133
1412273864 133
1412274173 133
1412274484 133
1412274793 133
1412275104 133
1412275414 133
1412275724 133
1412276034 133
1412276344 135
1412276654 135
1412276964 137
1412277274 135
1412277584 135
1412277894 139
1412278204 137
1412278514 138
1412278825 138
1412279135 138
1412279445 138
1412279754 138
1412280065 136
1412280375 136
1412280685 136
1412280995 136
1412281305 136
1412281615 136
1412281925 136
1412282235 136
1412282545 136
1412282855 136
1412283165 136
1412283465 136
1412283775 136
1412284085 136
1412284395 136
1412284705 136
1412285007 138
1412285317 136
1412285627 134
1412285937 134
1412286247 134
1412286547 132
1412286857 132
1412287167 132
1412287477 132
1412287787 132
1412288097 132
1412288407 132
1412288717 132
1412289028 132
1412289338 132
1412289647 132
1412289958 132
1412290268 132
1412290578 132
1412290888 132
1412291198 132
1412291508 132
1412291818 132
1412292128 132
1412292438 132
1412292748 132
1412293048 132
1412293358 132
1412293668 132
1412293978 132
1412294288 132
1412294598 132
1412294908 132
1412295219 132
1412295528 132
1412295838 132
1412296149 132
1412296459 132
1412296769 132
1412297079 132
1412297389 132
1412297699 132
1412298009 132
1412298319 132
1412298629 132
1412298939 132
1412299249 132
1412299549 132
1412299859 132
1412300169 132
1412300479 132
1412300790 132
1412301099 132
1412301409 132
1412301719 132
1412302030 132
1412302340 132
1412302650 132
1412302960 132
1412303270 132
1412303580 132
1412303890 132
1412304200 132
1412304510 132
1412304820 132
1412305130 132
1412305440 132
1412305740 132
1412306050 132
1412306360 132
1412306670 132
1412306980 132
1412307290 132
1412307600 132
1412307910 132
1412308221 132
1412308531 132
1412308841 132
1412309151 132
1412309461 132
1412309765 132
1412310076 132
1412310386 132
1412310696 132
1412311006 132
1412311316 132
1412311626 132
1412311936 132
1412312236 132
1412312546 132
1412312856 132
1412313166 132
1412313476 132
1412313786 132
1412314096 132
1412314406 132
1412314717 132
1412315027 132
1412315337 132
1412315647 132
1412315955 132
1412316266 132
1412316576 132
1412316886 132
1412317196 132
1412317506 132
1412317816 132
1412318126 132
1412318436 132
1412318746 132
1412319046 132
1412319356 132
1412319666 132
1412319976 132
1412320286 132
1412320596 132
1412320906 132
1412321216 132
1412321526 132
1412321837 132
1412322146 132
1412322457 132
1412322767 132
1412323077 132
1412323387 137
1412323697 132
1412324007 132
1412324317 132
1412324627 132
1412324937 132
1412325247 132
1412325557 132
1412325857 132
1412326167 132
1412326477 132
1412326787 132
1412327097 132
1412327407 132
1412327717 132
1412328027 132
1412328338 132
1412328647 132
1412328957 132
1412329268 132
1412329578 132
1412329888 132
1412330198 132
1412330508 132
1412330818 132
1412331128 132
1412331438 132
1412331748 132
1412332055 132
1412332366 132
1412332676 132
1412332986 132
1412333296 132
1412333606 132
1412333916 132
1412334226 132
1412334536 132
1412334846 132
1412335156 132
1412335466 132
1412335776 132
1412336086 132
1412336386 132
1412336696 132
1412337006 132
1412337316 132
1412337626 132
1412337936 132
1412338247 132
1412338556 132
1412338867 132
1412339176 132
1412339487 132
1412339797 132
1412340107 132
1412340417 132
1412340727 132
1412341037 132
1412341347 132
1412341657 132
1412341967 132
1412342277 132
1412342587 132
1412342897 132
1412343197 132
1412343507 132
1412343817 132
1412344127 132
1412344437 132
1412344748 132
1412345057 132
1412345368 132
1412345678 132
1412345988 132
1412346298 132
1412346608 132
1412346918 132
1412347228 132
1412347538 132
1412347848 132
1412348158 132
1412348468 132
1412348778 132
1412349088 132
1412349388 132
1412349698 132
1412350008 132
1412350318 132
1412350628 132
1412350938 132
1412351248 132
1412351559 132
1412351868 132
1412352179 132
1412352489 132
1412352799 132
1412353109 132
1412353419 132
1412353729 132
1412354039 132
1412354349 132
1412354659 132
1412354963 132
1412355273 132
1412355582 132
1412355892 133
1412356202 133
1412356512 133
1412356822 133
1412357132 133
1412357432 133
1412357742 133
1412358052 133
1412358362 133
1412358672 133
1412358982 133
1412359292 133
1412359602 133
1412359913 133
1412360222 133
1412360533 133
1412360842 133
1412361152 133
1412361463 133
1412361773 133
1412362083 133
1412362393 133
1412362703 133
1412363013 133
1412363323 133
1412363633 133
1412363943 133
1412364253 133
1412364563 133
1412364863 133
1412365173 133
1412365483 133
1412365793 133
1412366103 133
1412366413 133
1412366723 133
1412367034 133
1412367343 133
1412367654 133
1412367963 133
1412368274 133
1412368584 133
1412368894 133
1412369204 133
1412369514 133
1412369824 133
1412370134 133
1412370444 133
1412370754 133
1412371064 133
1412371374 133
1412371684 133
1412371994 133
1412372294 133
1412372604 133
1412372914 133
1412373224 133
1412373534 133
1412373844 133
1412374154 133
1412374464 133
1412374775 133
1412375085 133
1412375395 133
1412375705 133
1412376015 133
1412376325 133
1412376635 133
1412376935 133
1412377245 133
1412377555 133
1412377865 133
1412378175 133
1412378486 133
1412378796 133
1412379098 133
1412379408 134
1412379708 133
1412380018 133
1412380328 133
1412380638 133
1412380948 133
1412381258 133
1412381569 133
1412381878 133
1412382189 133
1412382498 133
1412382809 133
1412383119 133
1412383429 133
1412383739 133
1412384049 133
1412384359 133
1412384669 133
1412384979 133
1412385289 133
1412385599 133
1412385909 133
1412386219 133
1412386519 133
1412386829 133
1412387139 133
1412387449 133
1412387759 133
1412388069 133
1412388379 133
1412388690 133
1412388999 135
1412389310 137
1412389620 137
1412389929 137
1412390239 137
1412390550 137
1412390860 137
1412391170 137
1412391480 137
1412391790 137
1412392100 137
1412392410 137
1412392720 137
1412393030 137
1412393330 137
1412393641 137
1412393950 137
1412394260 138
1412394570 138
1412394881 137
1412395193 140
1412395501 138
1412395811 140
1412396119 170
1412396424 176
1412396733 169
1412397043 169
1412397353 167
1412397663 167
1412397973 167
1412398283 167
1412398593 167
1412398903 167
1412399203 167
1412399513 167
1412399823 167
1412400133 167
1412400443 167
1412400753 167
1412401056 167
1412401366 167
1412401676 167
1412401976 167
1412402286 167
1412402596 167
1412402906 167
1412403216 167
1412403526 167
1412403837 167
1412404147 167
1412404457 165
1412404767 165
1412405077 165
1412405387 165
1412405697 165
1412406007 165
1412406317 165
1412406627 165
1412406937 165
1412407247 165
1412407547 165
1412407857 165
1412408167 165
1412408477 165
1412408788 165
1412409097 165
1412409407 165
1412409718 165
1412410028 165
1412410338 165
1412410648 165
1412410958 165
1412411268 165
1412411578 167
1412411888 165
1412412198 165
1412412508 165
1412412818 165
1412413119 165
1412413428 165
1412413738 165
1412414049 165
1412414359 165
1412414669 165
1412414979 165
1412415289 165
1412415599 165
1412415909 165
1412416219 165
1412416529 165
1412416839 165
1412417149 165
1412417459 165
1412417769 165
1412418069 165
1412418379 165
1412418689 165
1412418999 165
1412419309 165
1412419619 165
1412419929 165
1412420239 165
1412420550 165
1412420860 165
1412421169 165
1412421471 165
1412421781 165
1412422091 165
1412422401 165
1412422711 165
1412423021 165
1412423331 165
1412423641 165
1412423951 165
1412424261 165
1412424571 165
1412424881 165
1412425181 165
1412425491 165
1412425801 165
1412426111 165
1412426421 165
1412426731 165
1412427041 165
1412427351 165
1412427662 165
1412427971 165
1412428282 165
1412428592 167
1412428903 169
1412429213 144
1412429522 146
1412429832 143
1412430142 143
1412430452 140
1412430762 142
1412431072 142
1412431382 142
1412431692 142
1412432002 142
1412432302 142
1412432612 142
1412432922 142
1412433232 142
1412433542 142
1412433852 142
1412434162 142
1412434472 142
1412434783 142
1412435093 142
1412435403 142
1412435712 142
1412436023 142
1412436333 142
1412436643 142
1412436953 142
1412437263 142
1412437573 142
1412437883 142
1412438193 142
1412438503 141
1412438813 136
1412439123 137
1412439423 137
1412439733 137
1412440043 137
1412440353 137
1412440664 138
1412440974 137
1412441283 137
1412441594 137
1412441903 137
1412442214 137
1412442524 137
1412442834 137
1412443144 137
1412443454 137
1412443764 137
1412444074 137
1412444384 137
1412444686 137
1412444996 137
1412445306 137
1412445617 137
1412445926 137
1412446237 137
1412446546 137
1412446857 137
1412447166 135
1412447477 135
1412447787 135
1412448097 135
1412448407 135
1412448717 135
1412449027 135
1412449337 135
1412449647 135
1412449957 135
1412450267 135
1412450577 135
1412450887 135
1412451197 135
1412451507 135
1412451817 135
1412452127 135
1412452437 135
1412452747 135
1412453057 135
1412453367 135
1412453677 135
1412453977 135
1412454287 135
1412454597 135
1412454907 137
1412455217 137
1412455527 135
1412455837 135
1412456147 135
1412456457 135
1412456768 135
1412457077 135
1412457388 135
1412457698 135
1412458008 135
1412458318 135
1412458628 135
1412458938 135
1412459248 135
1412459558 135
1412459868 135
1412460178 135
1412460488 135
1412460798 135
1412461108 135
1412461418 135
1412462077 132
1412462387 136
1412462697 133
1412463007 131
1412463317 131
1412463627 136
1412463937 135
1412464248 163
1412464557 165
1412464867 136
1412465177 136
1412465487 136
1412465797 136
1412466097 136
1412466407 136
1412466717 136
1412467027 136
1412467337 136
1412467647 136
1412467957 136
1412468259 136
1412468569 136
1412468879 136
1412469190 136
1412469499 136
1412469810 136
1412470120 136
1412470429 136
1412470740 136
1412471050 136
1412471360 136
1412471670 136
1412471980 136
1412472290 136
1412472600 136
1412472910 136
1412473220 136
1412473530 136
1412473840 136
1412474150 136
1412474460 136
1412474770 136
1412475080 136
1412475390 136
1412475700 136
1412476010 136
1412476310 136
1412476620 136
1412476930 136
1412477240 136
1412477550 136
1412477860 136
1412478170 136
1412478481 136
1412478790 136
1412479101 136
1412479410 136
1412479721 136
1412480031 136
1412480340 136
1412480651 136
1412480961 136
1412481271 136
1412481581 136
1412481891 136
1412482201 136
1412482511 136
1412482821 136
1412483131 136
1412483441 136
1412483751 136
1412484061 136
1412484371 136
1412484681 136
1412484981 136
1412485291 136
1412485601 136
1412485911 136
1412486221 136
1412486531 136
1412486841 136
1412487151 136
1412487461 136
1412487771 136
1412488077 136
1412488387 136
1412488697 136
1412489007 136
1412489307 136
1412489616 136
1412489926 136
1412490236 136
1412490546 136
1412490856 136
1412491166 136
1412491476 136
1412491787 136
1412492097 136
1412492407 136
1412492717 136
1412493027 136
1412493337 136
1412493647 136
1412493957 136
1412494267 136
1412494577 136
1412494887 136
1412495197 136
1412495507 136
1412495817 136
1412496128 144
1412496437 138
1412496747 133
1412497057 133
1412497367 138
1412497678 138
1412497987 138
1412498297 138
1412498597 133
1412498907 133
1412499217 133
1412499527 133
1412499837 133
1412500148 133
1412500458 133
1412500768 133
1412501078 133
1412501388 133
1412501698 133
1412502008 133
1412502318 133
1412502628 133
1412502938 133
1412503248 133
1412503558 133
1412503868 133
1412504178 133
1412504488 133
1412504798 133
1412505108 133
1412505408 133
1412505718 133
1412506028 133
1412506339 133
1412506648 133
1412506958 133
1412507268 133
1412507578 133
1412507888 133
1412508199 133
1412508508 133
1412508819 133
1412509129 133
1412509439 133
1412509749 133
1412510059 133
1412510369 133
1412510679 133
1412510983 133
1412511293 133
1412511603 133
1412511913 133
1412512223 133
1412512523 133
1412512833 133
1412513143 133
1412513453 133
1412513763 133
1412514073 133
1412514383 133
1412514693 133
1412515003 133
1412515313 133
1412515623 133
1412515934 133
1412516243 133
1412516554 133
1412516863 133
1412517174 133
1412517484 133
1412517794 133
1412518104 133
1412518414 133
1412518724 133
1412519034 133
1412519344 133
1412519654 133
1412519964 133
1412520274 133
1412520584 133
1412520894 133
1412521204 133
1412521514 136
1412521824 135
1412522134 133
1412522444 133
1412522744 136
1412523057 144
1412523365 146
1412523674 145
1412523985 143
1412524295 143
1412524605 143
1412524915 143
1412526856 137
1412527167 145
1412527477 145
1412527776 145
1412528087 145
1412528394 145
1412528694 145
1412529004 145
1412529314 145
1412529625 145
1412529935 145
1412530245 145
1412530555 145
1412530865 145
1412531175 145
1412531485 145
1412531795 145
1412532105 145
1412532415 145
1412532725 147
1412533025 147
1412533335 145
1412533645 145
1412533955 145
1412534265 145
1412534575 145
1412534885 145
1412535196 145
1412535505 147
1412535816 147
1412536126 148
1412536435 148
1412536746 147
1412537056 147
1412537366 147
1412537676 147
1412537986 147
1412538296 147
1412538606 147
1412538907 147
1412539218 147
1412539528 147
1412539837 147
1412540147 147
1412540458 147
1412540760 147
1412541070 145
1412541380 145
1412541680 145
1412541990 145
1412542300 145
1412542610 145
1412542920 145
1412543230 145
1412543540 145
1412543850 145
1412544160 145
1412544470 143
1412544781 143
1412545090 143
1412545401 143
1412545711 143
1412546021 143
1412546331 143
1412546641 143
1412546951 143
1412547261 143
1412547571 143
1412547881 143
1412548191 143
1412548494 143
1412548801 143
1412549111 143
1412549414 143
1412549724 143
1412550034 143
1412550344 143
1412550646 143
1412550956 143
1412551259 143
1412551569 143
1412551879 143
1412552179 145
1412552489 145
1412552799 143
1412553110 143
1412553420 143
1412553730 143
1412554040 143
1412554350 143
1412554660 143
1412554970 143
1412555270 143
1412555581 143
1412555891 143
1412556201 143
1412556511 143
1412556821 143
1412557131 143
1412557441 143
1412557751 143
1412558061 143
1412558371 143
1412558681 143
1412558981 143
1412559291 143
1412559601 143
1412559911 143
1412560221 143
1412560531 143
1412560842 143
1412561151 143
1412561462 143
1412561772 143
1412562082 143
1412562392 143
1412562702 143
1412563012 143
1412563322 143
1412563632 143
1412563942 146
1412564252 145
1412564914 139
1412565223 143
1412565533 143
1412565844 143
1412566153 143
1412566463 143
1412566774 143
1412567084 143
1412567394 143
1412567705 143
1412568014 143
1412568315 143
1412568624 143
1412568935 144
1412569245 144
1412569553 144
1412569863 144
1412570173 144
1412570483 144
1412570793 144
1412571103 144
1412571414 144
1412571723 144
1412572033 144
1412572344 144
1412572654 144
1412572964 144
1412573274 144
1412573584 144
1412573894 144
1412574204 144
1412574514 144
1412574824 144
1412575134 144
1412575444 144
1412575754 144
1412576064 144
1412576374 144
1412576684 144
1412576994 144
1412577304 144
1412577604 144
1412577914 144
1412578224 144
1412578534 144
1412578844 145
1412579149 145
1412579459 145
1412579770 173
1412580079 146
1412580390 146
1412580700 146
1412581010 144
1412581320 144
1412581630 147
1412581940 148
1412582250 147
1412586528 141
1412586827 144
1412587137 144
1412587447 144
1412587757 144
1412588068 144
1412588377 144
1412588688 144
1412588998 144
1412589308 144
1412589618 144
1412589928 144
1412590238 144
1412590548 148
1412590858 143
1412591168 143
1412591468 143
1412591778 143
1412592088 143
1412592398 143
1412592708 143
1412593018 143
1412593328 143
1412593638 143
1412593948 143
1412594258 143
1412594569 143
1412594879 143
1412595189 143
1412595499 143
1412595809 143
1412596119 143
1412596429 143
1412596739 143
1412597049 143
1412597359 143
1412597669 143
1412597979 143
1412598289 143
1412598599 143
1412598899 145
1412599209 148
1412599519 149
1412599829 145
1412600139 145
1412600450 174
1412600759 174
1412601069 175
1412601378 174
1412601688 174
1412601998 174
1412602308 174
1412602618 174
1412602928 174
1412603238 174
1412603548 174
1412603858 174
1412604168 174
1412604478 174
1412604788 174
1412605098 174
1412605408 174
1412605718 174
1412606028 174
1412606338 174
1412606648 174
1412606948 174
1412607258 174
1412607568 174
1412607878 174
1412608188 174
1412608498 174
1412608808 174
1412609118 173
1412609423 172
1412609733 172
1412610043 172
1412610353 172
1412610660 172
1412610971 172
1412611280 172
1412611590 172
1412611900 172
1412612210 172
1412612521 172
1412612830 172
1412613141 172
1412613451 172
1412613761 172
1412614071 172
1412614381 172
1412614691 172
1412615001 172
1412615311 172
1412615621 172
1412615931 172
1412616241 172
1412616551 172
1412616861 172
1412617171 172
1412617481 172
1412617791 172
1412618101 172
1412618411 172
1412618721 172
1412619031 172
1412619341 172
1412619651 172
1412619961 172
1412620271 172
1412620571 172
1412620881 172
1412621191 172
1412621501 172
1412621811 172
1412622121 172
1412622431 172
1412622741 172
1412623051 172
1412623361 172
1412623671 172
1412623982 172
1412624291 172
1412624601 172
1412624912 172
1412625222 172
1412625532 172
1412625842 172
1412626152 172
1412626462 172
1412626772 172
1412627082 172
1412627392 172
1412627702 172
1412628012 172
1412628322 172
1412628632 172
1412628942 172
1412629252 172
1412629559 173
1412629869 172
1412630179 172
1412630489 172
1412630799 172
1412631109 172
1412631419 172
1412631729 172
1412632039 172
1412632350 172
1412632659 172
1412632970 172
1412633280 172
1412633590 172
1412633899 172
1412634210 172
1412634520 172
1412634830 172
1412635140 172
1412635450 172
1412635760 172
1412636070 172
1412636380 172
1412636690 172
1412637000 172
1412637310 172
1412637620 172
1412637930 172
1412638240 172
1412638550 172
1412638860 172
1412639170 172
1412639480 172
1412639790 172
1412640100 172
1412640410 172
1412640720 172
1412641030 172
1412641340 172
1412641640 172
1412641950 172
1412642260 172
1412642570 172
1412642880 172
1412643190 172
1412643500 172
1412643810 172
1412644121 172
1412644431 172
1412644741 172
1412645051 172
1412645361 172
1412645671 172
1412645981 172
1412646291 172
1412646601 172
1412646911 172
1412647221 172
1412647531 172
1412647841 172
1412648151 172
1412648461 172
1412648765 172
1412649075 172
1412649385 172
1412649695 172
1412650005 172
1412650315 172
1412650625 172
1412650935 172
1412651245 172
1412651555 172
1412651865 172
1412652176 172
1412652486 172
1412652796 172
1412653106 172
1412653416 172
1412653726 172
1412654036 172
1412654346 172
1412654656 172
1412654966 172
1412655276 172
1412655586 172
1412655896 172
1412656206 172
1412656516 172
1412656826 172
1412657136 172
1412657446 172
1412657756 172
1412658066 172
1412658376 172
1412658676 172
1412658986 172
1412659296 172
1412659606 172
1412659916 172
1412660226 172
1412660536 172
1412660847 172
1412661155 174
1412661465 174
1412661775 172
1412662085 172
1412662396 172
1412662706 172
1412663016 172
1412663326 172
1412663636 172
1412663946 172
1412664254 172
1412664564 172
1412664874 172
1412665184 172
1412665494 172
1412665804 172
1412666114 172
1412666424 172
1412666734 172
1412667044 172
1412667344 172
1412667654 172
1412667964 172
1412668274 172
1412668584 172
1412668894 172
1412669205 172
1412669514 172
1412669825 172
1412670135 172
1412670444 172
1412670755 172
1412671065 172
1412671375 172
1412671685 172
1412671995 172
1412672305 172
1412672615 172
1412672925 173
1412673235 173
1412673545 173
1412673855 173
1412674165 173
1412674475 173
1412674785 173
1412675085 173
1412675395 173
1412675706 173
1412676015 173
1412676325 173
1412676635 173
1412676945 173
1412677256 176
1412677567 170
1412677867 145
1412678176 144
1412678486 149
1412678794 144
1412679095 142
1412679400 142
1412679710 142
1412680020 142
1412680320 142
1412680630 142
1412680940 142
1412681250 142
1412681560 142
1412681870 142
1412682181 142
1412682491 142
1412682801 142
1412683111 142
1412683421 142
1412683731 143
1412684041 142
1412684351 142
1412684661 142
1412684971 142
1412685281 142
1412685591 142
1412685901 142
1412686211 142
1412686521 142
1412686831 142
1412687141 142
1412687441 142
1412687751 142
1412688061 142
1412688371 142
1412688681 142
1412688991 142
1412689301 142
1414614603 145
1414614903 149
1414615209 144
1414615519 144
1414615829 148
1414616139 149
1414616439 160
1414616744 149
1414617054 174
1414617365 181
1414617674 177
1414617984 177
1414618284 177
1414618595 177
1414618905 177
1414619215 177
1414619525 177
1414619835 177
1414620136 178
1414620446 177
1414620746 177
1414621056 177
1414621366 177
1414621676 177
1414621986 178
1414622296 178
1414622606 178
1414622916 178
1414623226 178
1414623536 178
1414623847 178
1414624155 179
1414624465 176
1414624775 176
1414625085 176
1414625395 176
1414625705 176
1414626015 176
1414626325 176
1414626635 176
1414626945 176
1414627255 176
1414627555 176
1414627865 179
1414628175 178
1414628485 176
1414628795 176
1414629105 176
1414629416 176
1414629726 176
1414630035 176
1414630346 176
1414630656 176
1414630966 176
1414631276 176
1414631586 176
1414631896 176
1414632206 144
1414632516 144
1414632826 144
1414633136 144
1414633446 144
1414633746 144
1414634056 144
1414634366 144
1414634676 144
1414634987 144
1414635297 144
1414635604 144
1414635915 144
1414636224 144
1414636535 144
1414636845 144
1414637155 144
1414637465 144
1414637775 144
1414638085 144
1414638399 144
1414638706 144
1414639015 144
1414639325 144
1414639635 144
1414639945 144
1414640255 144
1414640555 144
1414640865 144
1414641175 144
1414641486 144
1414641786 146
1414642096 147
1414642406 147
1414642717 146
1414643026 146
1414643336 146
1414643873 143
1414644183 149
1414644493 157
1414644803 160
1414645113 160
1414645423 160
1414645733 160
1414646043 160
1414646353 160
1414646653 160
1414646963 163
1414647273 163
1414647583 163
1414647894 167
1414648204 166
1414648514 167
1414648824 167
1414649134 170
1414649444 172
1414649754 173
1414650305 160
1414650614 158
1414650924 158
1414651235 158
1414651545 158
1414651855 158
1414652165 158
1414652475 158
1414652778 158
1414653088 158
1414653398 158
1414653708 158
1414654008 158
1414654318 158
1414654628 158
1414654938 158
1414655248 158
1414655558 158
1414655868 158
1414656179 163
1414656489 158
1414656799 158
1414657108 158
1414657419 158
1414657729 158
1414658039 158
1414658349 158
1414658659 158
1414658969 158
1414659279 158
1414659589 158
1414659899 158
1414660209 158
1414660519 158
1414660821 165
1414661124 193
1414661433 193
1414661744 193
1414662054 193
1414662364 193
1414662674 193
1414662984 193
1414663294 193
1414663604 196
1414663914 164
1414664224 166
1414664534 166
1414664844 195
1414665154 194
1414665464 193
1414665774 191
1414666084 191
1414666394 191
1414666704 191
1414667004 192
1414667314 192
1414667624 192
1414667934 192
1414668244 192
1414668555 193
1414668865 190
1414669168 191
1414669478 190
1414669788 190
1414670098 190
1414670408 190
1414670718 190
1414671029 190
1414671338 190
1414671649 190
1414671959 191
1414672269 190
1414672579 190
1414672889 190
1414673199 190
1414673509 190
1414673819 190
1414674129 190
1414674439 190
1414674749 190
1414675059 190
1414675369 190
1414675679 191
1414675989 190
1414676299 190
1414676609 190
1414676909 190
1414677219 190
1414677529 190
1414677839 190
1414678149 190
1414678459 190
1414678770 190
1414679079 191
1414679389 190
1414679699 190
1414680009 190
1414680320 190
1414680630 190
1414680940 190
1414681250 190
1414681560 190
1414681870 190
1414682180 190
1414682490 190
1414682800 191
1414683110 191
1414683420 190
1414683721 190
1414684030 190
1414684340 190
1414684650 190
1414684961 190
1414685271 190
1414685572 190
1414685882 190
1414686192 190
1414686502 191
1414686812 190
1414687122 190
1414687433 190
1414687743 190
1414688053 190
1414688363 190
1414688673 190
1414688977 190
1414689287 190
1414689597 190
1414689907 192
1414690217 190
1414690527 190
1414690837 190
1414691147 190
1414691457 190
1414691767 190
1414692077 190
1414692387 190
1414692697 190
1414693007 190
1414693317 190
1414693627 191
1414693937 190
1414694247 190
1414694557 190
1414694868 190
1414695178 190
1414695488 190
1414695798 190
1414696108 192
1414696420 193
1414696719 193
1414697028 193
1414697340 192
1414697646 194
1414697946 193
1414698256 193
1414698567 193
1414698877 193
1414699187 193
1414699497 193
1414699806 193
1414700116 193
1414700426 193
1414700736 194
1414701046 193
1414701356 193
1414701666 193
1414701978 193
1414702286 193
1414702596 193
1414702896 193
1414703206 193
1414703516 193
1414703826 193
1414704136 193
1414704446 194
1414704756 193
1414705067 193
1414705377 191
1414705687 169
1414705997 170
1414706310 171
1414706621 164
1414706915 167
1414707215 166
1414707517 167
1414707817 166
1414708118 168
1414708420 167
1414708722 165
1414709031 165
1414709333 165
1414709633 165
1414709936 165
1414710237 165
1414710539 165
1414710841 165
1414711158 165
1414711444 165
1414711745 166
1414712045 165
1414712347 165
1414712647 165
1414712949 165
1414713259 165
1414713562 165
1414713861 165
1414714162 165
1414714464 165
1414714764 165
1414715065 166
1414715372 165
1414715666 165
1414715976 165
1414716277 165
1414716579 165
1414716879 165
1414717190 165
1414717491 165
1414717801 165
1414718102 165
1414718403 165
1414718727 168
1414719015 165
1414719324 165
1414719634 165
1414719935 165
1414720246 165
1414720546 165
1414720856 165
1414721157 165
1414721467 165
1414721777 165
1414722078 165
1414722394 166
1414722691 165
1414722999 165
1414723300 165
1414723612 165
1414723910 165
1414724221 165
1414724531 165
1414724834 165
1414725142 165
1414725443 165
1414725754 165
1414726065 166
1414726364 166
1414726665 165
1414726975 165
1414727276 165
1414727576 165
1414727887 165
1414728198 165
1414728500 165
1414728799 165
1414729100 165
1414729401 165
1414729705 166
1414730003 165
1414730304 165
1414730605 165
1414730916 165
1414731219 165
1414731528 165
1414731843 165
1414732142 165
1414732446 165
1414733057 165
1414744182 170
1414744488 169
1414744789 169
1414745099 169
1414746379 165
1414746681 165
1414746980 165
1414747292 165
1414747906 161
1414748202 159
1414748512 159
1414748813 159
1414852907 131
1414862305 129
1414862616 129
1414862926 129
1414863236 129
1414863537 129
1414863846 129
1414864156 129
1414864466 129
1414864776 129
1414865076 129
1414865386 125
1414865697 124
1414866007 124
1414866323 124
1414866618 124
1414866927 124
1414867241 124
1415205092 162
1415205393 165
1415205703 165
1415206003 165
1415206314 167
1415206629 170
1415206934 165
1415207244 166
1415207554 166
1415207864 170
1415208164 168
1415208474 165
1415208784 167
1415209095 172
1415209405 206
1415209715 198
1415210025 198
1415210335 203
1415210645 204
1415210955 205
1415211265 206
1415211575 206
1415211885 206
1415212196 182
1415212505 174
1415212815 174
1415213125 174
1415213436 204
1415213738 205
1415214046 172
1415214356 172
1415214666 172
1415214976 172
1415215286 172
1415215596 172
1415215906 173
1415216216 172
1415216526 172
1415216836 172
1415217146 172
1415217456 172
1415217766 170
1415218072 170
1415218382 167
1415218692 167
1415219002 167
1415219312 167
1415219622 167
1415219932 167
1415220242 167
1415220552 167
1415220852 167
1415221163 167
1415221473 167
1415221783 167
1415222093 167
1415222403 167
1415222713 167
1415223023 167
1415223333 167
1415223643 167
1415223953 167
1415224263 167
1415224573 167
1415224883 167
1415225193 167
1415225503 167
1415225817 196
1415226123 195
1415226433 195
1415226733 195
1415227043 205
1415227354 205
1415227663 205
1415227973 205
1415228284 205
1415228594 205
1415228904 205
1415235991 162
1415236289 193
1415236600 195
1415236910 195
1415237220 195
1415237530 195
1415237841 195
1415238151 195
1415238456 195
1415238767 195
1415239077 195
1415239386 195
1415239696 195
1415240007 195
1415240316 195
1415240627 195
1415240937 195
1415241247 195
1415241557 195
1415241867 195
1415242177 195
1415242487 195
1415242797 195
1415243107 195
1415243407 195
1415243717 195
1415244027 195
1415244337 195
1415244647 193
1415244957 193
1415245267 193
1415245577 193
1415245888 193
1415246198 193
1415246508 193
1415246817 193
1415247128 193
1415247438 193
1415247748 193
1415248058 193
1415248368 193
1415248678 193
1415248989 193
1415249288 193
1415249598 193
1415249908 193
1415250219 193
1415250529 193
1415250839 193
1415251149 193
1415251460 193
1415251760 193
1415252070 193
1415252380 193
1415252690 193
1415253000 193
1415253310 193
1415253620 193
1415253930 193
1415254230 193
1415254541 193
1415254850 193
1415255160 193
1415255470 193
1415255781 193
1415256091 193
1415256401 193
1415256711 193
1415257023 196
1415407989 162
1415408297 167
1415408607 166
1415408917 165
1415409227 165
1415409537 165
1415409847 165
1415410157 165
1415410468 165
1415410777 165
1415411088 165
1415411397 165
1415411707 165
1415412017 169
1415412328 169
1415412638 169
1415412948 169
1415413258 169
1415413568 164
1415413878 164
1415414188 164
1415414498 164
1415414808 164
1415415108 164
1415415418 164
1415415728 164
1415416038 164
1415416348 164
1415416658 164
1415416968 164
1415417278 164
1415417588 164
1415417898 164
1415418208 164
1415418518 164
1415418828 164
1415419138 164
1415419448 164
1415419758 164
1415420068 164
1415420378 164
1415420688 164
1415420996 164
1415421306 164
1415421616 164
1415421916 164
1415422226 164
1415422536 164
1415422846 164
1415423156 164
1415423466 164
1415423776 164
1415424086 164
1415424395 164
1415424705 164
1415425015 164
1415425325 164
1415425625 164
1415425935 164
1415426245 164
1415426555 164
1415426865 164
1415427175 164
1415427485 164
1415427795 164
1415428105 164
1415428415 164
1415428725 164
1415429035 164
1415429345 164
1415429655 164
1415429965 164
1415430276 164
1415430586 164
1415430896 164
1415431205 164
1415431516 164
1415431826 164
1415432136 164
1415432446 164
1415432756 164
1415433066 164
1415433376 172
1415433686 164
1415433996 164
1415434306 164
1415434616 164
1415434926 164
1415435226 164
1415435536 164
1415435846 164
1415436156 164
1415436466 164
1415436776 164
1415437086 164
1415437396 164
1415437706 164
1415438016 164
1415438326 164
1415438636 164
1415438947 164
1415439248 165
1415439558 164
1415439869 164
1415440178 164
1415440488 164
1415440798 164
1415441109 164
1415441418 164
1415441728 164
1415442039 164
1415442349 164
1415442659 164
1415442969 164
1415443279 164
1415443589 164
1415443899 164
1415444209 164
1415444519 164
1415444829 164
1415445129 164
1415445439 164
1415445749 164
1415446059 164
1415446369 164
1415446679 164
1415446989 164
1415447299 164
1415447609 164
1415447919 164
1415448229 164
1415448539 164
1415448850 164
1415449160 164
1415449470 164
1415449780 164
1415450090 164
1415450400 164
1415450710 164
1415451020 164
1415451320 164
1415451630 164
1415451940 164
1415452250 164
1415452560 164
1415452870 164
1415453180 164
1415453490 164
1415453800 164
1415454110 164
1415454421 164
1415454730 164
1415455041 164
1415455351 164
1415455661 164
1415455971 164
1415456281 164
1415456591 164
1415456901 164
1415457211 164
1415457511 164
1415457821 164
1415458131 164
1415458441 164
1415458751 164
1415459061 164
1415459371 164
1415459681 164
1415459991 164
1415460301 164
1415460611 164
1415460921 164
1415461232 164
1415461541 164
1415461852 164
1415462162 164
1415462472 164
1415462782 164
1415463092 164
1415463402 164
1415463712 164
1415464012 164
1415464322 164
1415464632 164
1415464935 164
1415465245 164
1415465546 164
1415465855 164
1415466166 164
1415466476 164
1415466779 164
1415467087 164
1415467397 164
1415467707 166
1415468017 166
1415468327 166
1415468637 168
1415468947 169
1415469257 168
1415469567 168
1415469877 168
1415470187 168
1415470497 168
1415470808 166
1415471117 166
1415471427 166
1415471737 166
1415472047 166
1415472357 166
1415472667 166
1415472977 166
1415473287 166
1415473598 171
1415473904 169
1415474213 169
1415474523 169
1415474833 169
1415475143 169
1415475453 169
1415475763 169
1415476073 169
1415476383 170
1415476693 169
1415477003 171
1415477313 171
1415477623 171
1415477933 171
1415478243 171
1415478553 171
1415478863 171
1415479173 171
1415479484 171
1415479793 173
1415480103 173
1415480414 173
1415480723 173
1415481034 173
1415481343 173
1415481654 173
1415481964 173
1415482274 173
1415482584 173
1415482894 173
1415483204 173
1415483514 171
1415483824 171
1415484134 171
1415484444 171
1415484754 171
1415485054 171
1415485364 172
1415485674 172
1415485984 172
1415486294 173
1415486604 173
1415486914 173
1415487224 173
1415487534 173
1415487844 173
1415488154 174
1415488461 213
1415488770 172
1415489080 172
1415489390 172
1415489700 172
1415490010 172
1415490320 172
1415490630 172
1415490940 172
1415491250 172
1415491560 172
1415491870 172
1415492180 172
1415492490 172
1415492800 172
1415493110 172
1415493420 172
1415493730 172
1415494040 172
1415494350 172
1415494660 172
1415494970 172
1415495280 172
1415495591 172
1415495900 172
1415496210 172
1415496520 172
1415496830 172
1415497140 172
1415497450 172
1415497760 172
1415498070 172
1415498380 172
1415498690 172
1415499000 172
1415499310 172
1415499620 172
1415499930 172
1415500241 172
1415500550 172
1415500860 172
1415501170 172
1415501480 172
1415501790 172
1415502100 172
1415502410 172
1415502720 172
1415503030 172
1415503340 172
1415503650 172
1415503960 172
1415504270 172
1415504580 172
1415504890 172
1415505200 172
1415505510 172
1415505820 172
1415506130 172
1415506440 172
1415506751 172
1415507060 172
1415507370 172
1415507680 172
1415507990 172
1415508300 175
1415508611 223
1415508921 199
1415509230 202
1415509540 203
1415509850 205
1415510160 205
1415510470 196
1415510780 199
1415511090 197
1415511400 199
1415511710 197
1415512015 251
1415512324 269
1415512634 273
1415512944 272
1415513255 271
1415513564 226
1415513874 225
1415514184 225
1415514494 225
1415514804 225
1415515115 225
1415515424 225
1415515734 225
1415516044 225
1415516354 225
1415516664 225
1415516974 223
1415517284 223
1415517594 223
1415517904 223
1415518214 223
1415518524 223
1415518834 223
1415519144 223
1415519454 223
1415519764 223
1415520074 223
1415520384 223
1415520694 223
1415521004 223
1415521314 223
1415521624 223
1415521934 223
1415522244 223
1415522549 223
1415522859 223
1415523169 223
1415523479 223
1415523789 226
1415524099 221
1415524409 221
1415524718 221
1415525029 226
1415525339 226
1415525649 226
1415525959 226
1415526269 226
1415526579 221
1415526889 221
1415527199 221
1415527509 221
1415527819 221
1415528129 221
1415528439 221
1415528749 221
1415529059 221
1415529369 221
1415529679 221
1415529989 221
1415530299 221
1415530608 221
1415530919 221
1415531229 221
1415531538 221
1415531849 221
1415532158 221
1415532469 221
1415532778 221
1415533089 221
1415533398 221
1415533709 221
1415534019 221
1415534328 221
1415534639 221
1415534948 221
1415535259 221
1415535568 221
1415535878 221
1415536189 221
1415536498 221
1415536808 221
1415537119 221
1415537428 221
1415537739 221
1415538048 221
1415538358 221
1415538668 221
1415538978 221
1415539288 221
1415539598 221
1415539908 221
1415540218 221
1415540528 221
1415540838 221
1415541148 221
1415541458 222
1415541768 221
1415542078 221
1415542388 221
1415542698 221
1415543008 221
1415543318 221
1415543628 221
1415543938 221
1415544248 221
1415544558 221
1415544868 221
1415545178 221
1415545488 221
1415545798 221
1415546108 221
1415546418 221
1415546728 221
1415547038 221
1415547348 221
1415547658 221
1415547968 221
1415548278 221
1415548588 221
1415548898 221
1415549208 221
1415549518 221
1415549828 221
1415550138 221
1415550448 221
1415550758 221
1415551068 221
1415551378 221
1415551688 221
1415551998 221
1415552308 221
1415552618 221
1415552928 221
1415553238 221
1415553548 221
1415553858 221
1415554168 221
1415554478 221
1415554788 221
1415555098 221
1415555408 221
1415555718 221
1415556028 221
1415556338 221
1415556648 221
1415556958 221
1415557268 221
1415557578 221
1415557883 221
1415558193 221
1415558503 221
1415558813 221
1415559123 221
1415559433 221
1415559743 221
1415560053 221
1415560363 221
1415560672 221
1415560983 221
1415561292 221
1415561603 221
1415561912 221
1415562223 221
1415562533 221
1415562842 221
1415563153 221
1415563463 221
1415563772 221
1415564083 221
1415564392 221
1415564703 221
1415565012 221
1415565323 221
1415565632 221
1415565943 221
1415566252 221
1415566562 221
1415566872 221
1415567182 221
1415567493 221
1415567802 221
1415568113 221
1415568422 221
1415568732 221
1415569042 221
1415569352 221
1415569662 221
1415569972 221
1415570282 221
1415570592 221
1415570902 221
1415571212 221
1415571522 221
1415571832 221
1415572142 221
1415572452 221
1415572762 221
1415573072 221
1415573382 221
1415573692 221
1415574002 221
1415574312 221
1415574622 221
1415574932 221
1415575242 221
1415575552 221
1415575862 221
1415576172 221
1415576482 221
1415576789 221
1415577099 221
1415577409 221
1415577719 221
1415578029 221
1415578339 221
1415578649 221
1415578959 221
1415579259 221
1415579569 221
1415579879 221
1415580189 221
1415580499 221
1415580809 221
1415581119 221
1415581429 221
1415581739 221
1415582049 221
1415582359 221
1415582669 221
1415582979 221
1415583289 221
1415583599 221
1415583909 221
1415584219 221
1415584529 221
1415584839 221
1415598324 165
1415598633 196
1415598943 196
1415599253 196
1415599564 197
1415599873 197
1415600183 197
1415600488 199
1417235308 200
1417235612 197
1417235922 196
1417236232 199
1417236542 196
