1410716556 86016
1410716866 81920
1410717177 86016
1410717487 86016
1410717797 86016
1410718107 86016
1410718417 86016
1410718717 86016
1410719027 86016
1410719337 86016
1410719647 86016
1410719957 86016
1410720267 86016
1410720577 86016
1410720887 86016
1410721197 86016
1410721502 81920
1410721811 81920
1410722114 258048
1410722424 86016
1410722734 86016
1410723044 86016
1410723354 86016
1410723665 86016
1410723975 86016
1410724285 86016
1410724595 86016
1410724905 86016
1410725215 86016
1410725525 86016
1410725825 86016
1410726135 86016
1410726445 86016
1410726755 86016
1410727065 86016
1410727375 86016
1410727686 86016
1410727996 86016
1410728306 86016
1410728616 86016
1410728926 86016
1410729236 86016
1410729546 86016
1410729856 86016
1410730166 86016
1410730466 86016
1410730776 86016
1410731086 86016
1410731397 86016
1410731706 86016
1410732016 86016
1410732326 86016
1410732636 86016
1410732947 86016
1410733256 86016
1410733567 86016
1410733877 86016
1410734187 86016
1410734497 86016
1410734807 86016
1410735117 86016
1410735427 86016
1410735737 86016
1410736047 86016
1410736357 86016
1410736667 86016
1410736967 86016
1410737277 86016
1410737587 86016
1410737897 86016
1410738207 86016
1410738517 86016
1410738827 86016
1410739137 86016
1410739448 86016
1410739757 86016
1410740067 86016
1410740377 86016
1410740688 86016
1410740998 86016
1410741308 86016
1410741618 86016
1410741928 86016
1410742238 86016
1410742548 86016
1410742858 86016
1410743168 86016
1410743478 86016
1410743788 86016
1410744098 86016
1410744398 86016
1410744708 86016
1410745018 86016
1410745328 86016
1410745638 86016
1410745948 86016
1410746258 86016
1410746568 86016
1410746878 86016
1410747188 86016
1410747498 86016
1410748464 0
1410748774 0
1410749084 8192
1410749394 10719232
1410749704 10797056
1410750014 76062720
1410750324 75972608
1410750634 69279744
1410750934 69279744
1410751244 69279744
1410751554 69279744
1410751864 69279744
1410752174 69279744
1410752484 69279744
1410752794 69279744
1410753104 69279744
1410753414 69279744
1410753724 69279744
1410754034 69279744
1410754344 69279744
1410754654 69279744
1410754964 69279744
1410755274 69279744
1410755584 69279744
1410755895 69279744
1410756205 69279744
1410756515 69279744
1410756825 69279744
1410757135 69279744
1410757445 69279744
1410757755 69279744
1410758065 69279744
1410758371 69193728
1410758681 69193728
1410758991 69193728
1410759301 69193728
1410759611 69193728
1410759922 69193728
1410760232 69193728
1410760542 69193728
1410760852 69193728
1410761162 69193728
1410761472 69193728
1410761782 69193728
1410762092 69193728
1410762402 69193728
1410762712 69193728
1410763022 69193728
1410763332 69193728
1410763642 69193728
1410763952 69193728
1410764262 69193728
1410764572 69193728
1410764882 69193728
1410765192 69193728
1410765502 69193728
1410765812 69193728
1410766122 69193728
1410766432 69193728
1410766732 69193728
1410767042 69193728
1410767352 69193728
1410767662 69193728
1410767972 69193728
1410768283 69193728
1410768592 69218304
1410768902 69218304
1410769212 69218304
1410769522 69218304
1410769832 69218304
1410770142 69218304
1410770452 69218304
1410770763 69218304
1410771073 69218304
1410771383 69218304
1410771693 69218304
1410772003 69218304
1410772313 69218304
1410772623 69218304
1410772933 69218304
1410773243 69218304
1410773553 69218304
1410773863 69218304
1410774173 69218304
1410774483 69218304
1410774793 69218304
1410775103 69218304
1410775413 69218304
1410775723 69218304
1410776033 69218304
1410776343 69218304
1410776653 69218304
1410776963 69218304
1410777273 69218304
1410777583 69218304
1410777893 69218304
1410778203 69218304
1410778503 69218304
1410778813 69218304
1410779123 69218304
1410779433 69218304
1410779743 69218304
1410780053 69218304
1410780363 69218304
1410780673 69218304
1410780983 69218304
1410781293 69218304
1410781603 69218304
1410781913 69218304
1410782223 69218304
1410782533 69218304
1410782843 69218304
1410783153 69218304
1410783463 69218304
1410783773 69218304
1410784083 69218304
1410784393 69218304
1410784704 69218304
1410785014 69218304
1410785324 69218304
1410785634 69218304
1410785944 69218304
1410786254 69218304
1410786564 69218304
1410786874 69218304
1410787184 69218304
1410787494 69218304
1410787804 69218304
1410788114 69218304
1410788424 69218304
1410788734 69218304
1410789044 69218304
1410789354 69218304
1410789661 69218304
1410789971 69218304
1410790281 69218304
1410790591 69218304
1410790901 69218304
1410791211 69218304
1410791511 69218304
1410791821 69218304
1410792131 69218304
1410792441 69218304
1410792751 69218304
1410793061 69218304
1410793371 69218304
1410793681 69218304
1410793991 69218304
1410794301 69218304
1410794611 69218304
1410794921 69218304
1410795231 69218304
1410795541 69218304
1410795851 69218304
1410796161 69218304
1410796471 69218304
1410796781 69218304
1410797091 69218304
1410797402 69218304
1410797711 69218304
1410798022 69218304
1410798332 69218304
1410798641 69218304
1410798952 69218304
1410799262 69218304
1410799572 69218304
1410799882 69218304
1410800192 69218304
1410800502 69218304
1410800812 69218304
1410801122 69218304
1410801432 69218304
1410801742 69218304
1410802052 69218304
1410802362 69218304
1410802672 69218304
1410802982 69218304
1410803292 69218304
1410803602 69218304
1410803912 69218304
1410804212 69218304
1410804522 69218304
1410804832 69218304
1410805142 69218304
1410805452 69218304
1410805762 69218304
1410806072 69218304
1410806382 69218304
1410806692 69218304
1410807002 69218304
1410807312 69218304
1410807622 69218304
1410807932 69218304
1410808242 69218304
1410808552 69218304
1410808862 69218304
1410809172 69218304
1410809482 69218304
1410809792 69218304
1410810102 69218304
1410810412 69218304
1410810723 69218304
1410811033 69218304
1410811343 69218304
1410811653 69218304
1410811963 69218304
1410812273 69218304
1410812583 69218304
1410812893 69218304
1410813203 69218304
1410813513 69218304
1410813823 69218304
1410814133 69218304
1410814443 69218304
1410814753 69218304
1410815063 69218304
1410815373 69218304
1410815683 69218304
1410815993 69218304
1410816303 69218304
1410816613 69218304
1410816923 69218304
1410817233 69218304
1410817533 69218304
1410817843 69218304
1410818153 69218304
1410818463 69218304
1410818773 69218304
1410819083 69218304
1410819393 69218304
1410819703 69218304
1410820013 69218304
1410820323 69218304
1410820633 69218304
1410820934 69218304
1410821244 69218304
1410821554 69218304
1410821864 69218304
1410822174 69218304
1410822484 69218304
1410822794 69218304
1410823104 69218304
1410823414 69218304
1410823724 69218304
1410824034 69218304
1410824344 69218304
1410824654 69218304
1410824964 69218304
1410825274 69218304
1410825584 69218304
1410825894 69218304
1410826205 69218304
1410826514 69218304
1410826825 69218304
1410827134 69218304
1410827444 69218304
1410827755 69218304
1410828064 69218304
1410828375 69218304
1410828685 69218304
1410828995 69218304
1410829305 69218304
1410829615 69218304
1410829925 69218304
1410830235 69218304
1410830545 69218304
1410830855 69218304
1410831165 69218304
1410831475 69218304
1410831785 69218304
1410832095 69218304
1410832405 69218304
1410832715 69218304
1410833025 69218304
1410833335 69218304
1410833645 69218304
1410833955 69218304
1410834255 69218304
1410834565 69218304
1410834875 69218304
1410835185 69218304
1410835495 69218304
1410835805 69218304
1410836115 69218304
1410836425 69218304
1410836735 69218304
1410837045 69218304
1410837355 69218304
1410837665 69218304
1410837975 69218304
1410838285 69218304
1410838595 69218304
1410838905 69218304
1410839215 69218304
1410839525 69218304
1410839835 69218304
1410840146 69218304
1410840455 69218304
1410840765 69218304
1410841075 69218304
1410841386 69218304
1410841696 69218304
1410842006 69218304
1410842316 69218304
1410842626 69218304
1410842936 69218304
1410843246 69218304
1410843556 69218304
1410843866 69218304
1410844176 69218304
1410844486 69218304
1410844796 69218304
1410845106 69218304
1410845416 69218304
1410845726 69218304
1410846036 69218304
1410846346 69218304
1410846656 69218304
1410846966 69218304
1410847266 69218304
1410847576 69218304
1410847886 69218304
1410848196 69218304
1410848506 69218304
1410848816 69218304
1410849126 69218304
1410849436 69218304
1410849746 69218304
1410850056 69218304
1410850366 69218304
1410850673 69218304
1410850983 69218304
1410851293 69218304
1410851603 69218304
1410851913 69218304
1410852223 69218304
1410852533 69218304
1410852843 69206016
1410853153 69206016
1410853463 69206016
1410853774 69206016
1410854084 69206016
1410854394 69206016
1410854704 69201920
1410855014 69201920
1410855324 69201920
1410855634 69201920
1410855944 69201920
1410856254 69201920
1410856564 69201920
1410856874 69201920
1410857184 69201920
1410857494 69201920
1410857804 69201920
1410858114 69201920
1410858424 69201920
1410858734 69201920
1410859044 69201920
1410859354 69201920
1410859664 69201920
1410859974 69201920
1410860284 69201920
1410860584 69201920
1410860894 69201920
1410861204 69201920
1410861514 69201920
1410861824 69201920
1410862134 69201920
1410862444 69201920
1410862754 69201920
1410863064 69201920
1410863374 69201920
1410863684 69201920
1410863994 69201920
1410864304 69201920
1410864614 69234688
1410864924 69234688
1410865234 69234688
1410865544 69234688
1410865854 69234688
1410866164 69234688
1410866474 69234688
1410866784 69234688
1410867094 69234688
1410867404 69234688
1410867714 69234688
1410868025 69234688
1410868334 69234688
1410868645 69234688
1410868955 69234688
1410869265 69271552
1410869575 69271552
1410869885 69271552
1410870195 69271552
1410870506 73654272
1410870816 190328832
1410871115 231034880
1410871425 234041344
1410871727 320167936
1410872041 504000512
1410872339 544051200
1410872649 559190016
1410872959 554766336
1410873269 549224448
1410873579 546410496
1410873889 543670272
1410874199 545800192
1410874509 558358528
1410874819 556068864
1410875129 554463232
1410875439 552558592
1410875750 552546304
1410876059 569843712
1410876369 567480320
1410876679 563871744
1410876989 538894336
1410877299 536866816
1410877609 538980352
1410877916 542236672
1410878226 541581312
1410878536 540983296
1410878846 540020736
1410879156 538996736
1410879467 540905472
1410879776 558702592
1410880086 557572096
1410880396 556875776
1410880706 556818432
1410881016 556810240
1410881326 554897408
1410881636 568889344
1410881946 568279040
1410882256 564281344
1410882566 563875840
1410882876 553844736
1410883186 553832448
1410883496 553734144
1410883806 553697280
1410884116 553689088
1410884426 553676800
1410884736 553668608
1410885046 553660416
1410885356 558903296
1410885666 558903296
1410885976 558903296
1410886286 561315840
1410886596 558960640
1410886906 560214016
1410887216 563019776
1410887526 562905088
1410887836 562896896
1410888146 562737152
1410888456 562737152
1410888766 561729536
1410889076 561430528
1410889386 561426432
1410889696 561422336
1410890006 566136832
1410890316 556236800
1410890629 582311936
1410890937 535412736
1410891247 458600448
1410891557 458588160
1410895153 111935488
1410896907 0
1410897216 24576
1410897526 24576
1410897837 24576
1410898146 24576
1410898456 24576
1410898766 24576
1410899076 24576
1410899387 24576
1410899697 24576
1410900007 24576
1410900317 24576
1410900627 24576
1410900937 24576
1410901247 24576
1410901557 24576
1410901867 24576
1410902177 24576
1410902477 24576
1410902787 24576
1410903097 24576
1410903407 24576
1410903717 24576
1410904027 24576
1410904337 24576
1410904647 24576
1410904957 24576
1410905262 24576
1410905572 24576
1410905883 24576
1410906193 24576
1410906503 24576
1410906813 24576
1410907123 24576
1410907433 24576
1410907743 24576
1410908053 24576
1410908363 24576
1410908673 24576
1410908983 24576
1410909293 24576
1410909593 24576
1410909903 24576
1410910213 24576
1410910523 24576
1410910833 24576
1410911143 24576
1410911453 24576
1410911763 24576
1410912074 24576
1410912383 24576
1410912693 24576
1410913004 24576
1410913314 24576
1410913624 24576
1410913934 24576
1410914244 24576
1410914554 24576
1410914864 24576
1410915174 24576
1410915484 24576
1410915794 24576
1410916104 24576
1410916414 24576
1410916724 24576
1410917024 24576
1410917334 24576
1410917644 24576
1410917954 24576
1410918264 24576
1410918574 24576
1410918884 24576
1410919194 24576
1410919505 24576
1410919816 147173376
1411005659 86016
1411005967 86016
1411006277 102400
1411006587 598016
1411006898 598016
1411007208 598016
1411007518 598016
1411007828 598016
1411008138 11976704
1411008448 11976704
1411008758 11968512
1411009069 11968512
1411009379 11968512
1411009679 11968512
1411009989 11972608
1411010299 11972608
1411010614 281030656
1411010910 188702720
1411846743 188280832
1411847136 0
1411847445 0
1411847755 0
1411848065 0
1411848375 0
1411848685 0
1411848996 0
1411849305 0
1411849616 0
1411849926 0
1411850236 0
1411850546 0
1411850856 0
1411851166 262144
1411851476 262144
1411851786 262144
1411852096 262144
1411852396 262144
1411852706 262144
1411853016 262144
1411853326 262144
1411853636 262144
1411853946 262144
1411854256 262144
1411854566 262144
1411854876 262144
1411855186 262144
1411855496 262144
1411855806 262144
1411856117 262144
1411856427 262144
1411856737 262144
1411857047 262144
1411857357 262144
1411857667 262144
1411857977 262144
1411858287 262144
1411858597 262144
1411858907 262144
1411859217 262144
1411859527 262144
1411859837 262144
1411860147 262144
1411860457 262144
1411860767 262144
1411861077 262144
1411861379 262144
1411861689 262144
1411861999 262144
1411862309 262144
1411862619 262144
1411862929 262144
1411863239 262144
1411863549 262144
1411863849 262144
1411864159 262144
1411864469 262144
1411864779 262144
1411865089 262144
1411865399 262144
1411865709 262144
1411866019 262144
1411866329 262144
1411866639 262144
1411866949 262144
1411867259 262144
1411867569 262144
1411867879 262144
1411868189 262144
1411868499 262144
1411868809 262144
1411869119 262144
1411869429 262144
1411869740 262144
1411870049 262144
1411870360 262144
1411870670 262144
1411870980 262144
1411871290 262144
1411871600 262144
1411871910 262144
1411872220 262144
1411872530 262144
1411872840 262144
1411873150 262144
1411873460 262144
1411873770 262144
1411874080 262144
1411874390 262144
1411874700 262144
1411875010 262144
1411875310 262144
1411875620 262144
1411875930 262144
1411876240 262144
1411876550 262144
1411876860 262144
1411877170 262144
1411877480 262144
1411877790 262144
1411878100 262144
1411878410 262144
1411878720 262144
1411879030 262144
1411879340 262144
1411879650 262144
1411879960 262144
1411880270 262144
1411880580 262144
1411880890 262144
1411881200 262144
1411881510 262144
1411881820 262144
1411882131 262144
1411882441 262144
1411882751 262144
1411883061 262144
1411883371 262144
1411883681 262144
1411883991 262144
1411884301 262144
1411884611 262144
1411884921 262144
1411885231 262144
1411885541 262144
1411885851 262144
1411886161 262144
1411886461 262144
1411886771 262144
1411887081 262144
1411887388 262144
1411887698 262144
1411888008 262144
1411888318 262144
1411888618 262144
1411888928 262144
1411889238 262144
1411889548 262144
1411889858 262144
1411890168 262144
1411890478 262144
1411890788 262144
1411891098 262144
1411891408 262144
1411891718 262144
1411892028 262144
1411892333 262144
1411892643 262144
1411892944 262144
1411893254 262144
1411893564 262144
1411893873 262144
1411894183 262144
1411894494 262144
1411894804 262144
1411895114 262144
1411895424 262144
1411895734 262144
1411896044 262144
1411896354 262144
1411896664 262144
1411896974 262144
1411897284 262144
1411897594 262144
1411897904 262144
1411898214 262144
1411898524 262144
1411898834 262144
1411899144 262144
1411899454 262144
1411899764 262144
1411900074 262144
1411900374 262144
1411900684 262144
1411900994 262144
1411901304 262144
1411901614 262144
1411901924 262144
1411902234 262144
1411902544 262144
1411902854 262144
1411903164 262144
1411903474 262144
1411903784 262144
1411904094 262144
1411904404 262144
1411904714 262144
1411905024 262144
1411905334 262144
1411905644 262144
1411905954 262144
1411906265 262144
1411906575 262144
1411906885 262144
1411907195 262144
1411907505 262144
1411907815 262144
1411908125 262144
1411908435 262144
1411908745 262144
1411909055 262144
1411909365 262144
1411909675 262144
1411909985 262144
1411910295 262144
1411910605 262144
1411910915 262144
1411911225 262144
1411911535 262144
1411911845 262144
1411912155 262144
1411912455 262144
1411912765 262144
1411913075 262144
1411913385 262144
1411913695 262144
1411914005 319488
1411914315 319488
1411914625 319488
1411914935 319488
1411915245 319488
1411915555 319488
1411915865 319488
1411916175 319488
1411916485 319488
1411916796 319488
1411917106 319488
1411917416 319488
1411917726 319488
1411918036 319488
1411918346 319488
1411918656 319488
1411918966 319488
1411919276 319488
1411919586 319488
1411919896 319488
1411920206 319488
1411920506 319488
1411920816 319488
1411921126 319488
1411921436 319488
1411921746 319488
1411922056 319488
1411922362 319488
1411922664 319488
1411922974 319488
1411923284 319488
1411923594 319488
1411923904 319488
1411924214 319488
1411924524 319488
1411924834 319488
1411925134 319488
1411925444 319488
1411925754 319488
1411926064 319488
1411926374 319488
1411926684 319488
1411926994 319488
1411927304 319488
1411927612 319488
1411927922 319488
1411928232 319488
1411928542 319488
1411928853 319488
1411929163 319488
1411929473 319488
1411929783 319488
1411930093 319488
1411930403 319488
1411930713 319488
1411931023 319488
1411931333 319488
1411931643 319488
1411931953 319488
1411932263 319488
1411932573 319488
1411932883 319488
1411933193 319488
1411933503 319488
1411933813 319488
1411934113 319488
1411934423 319488
1411934733 319488
1411935043 319488
1411935353 319488
1411935663 319488
1411935973 319488
1411936283 319488
1411936593 319488
1411936903 319488
1411937213 319488
1411937523 319488
1411937833 319488
1411938143 319488
1411938453 319488
1411938763 319488
1411939073 319488
1411939383 319488
1411939693 319488
1411940003 319488
1411940314 319488
1411940624 319488
1411940934 319488
1411941244 319488
1411941554 319488
1411941864 319488
1411942174 319488
1411942484 319488
1411942794 319488
1411943104 319488
1411943414 319488
1411943714 319488
1411944024 319488
1411944334 319488
1411944644 319488
1411944954 319488
1411945264 319488
1411945574 319488
1411945884 319488
1411946194 319488
1411946504 319488
1411946814 319488
1411947124 319488
1411947435 319488
1411947744 319488
1411948055 319488
1411948365 319488
1411948675 319488
1411948985 319488
1411949295 319488
1411949605 319488
1411949915 319488
1411950219 319488
1411950529 319488
1411950839 319488
1411951149 319488
1411951459 319488
1411951769 319488
1411952079 319488
1411952389 319488
1411952699 319488
1411953009 319488
1411953319 319488
1411953629 319488
1411953939 319488
1411954239 319488
1411954549 319488
1411954859 319488
1411955169 319488
1411955479 319488
1411955789 319488
1411956099 319488
1411956409 319488
1411956719 319488
1411957030 319488
1411957340 319488
1411957650 319488
1411957956 319488
1411958266 319488
1411958576 319488
1411958886 319488
1411959192 319488
1411959503 319488
1411959813 319488
1411960123 319488
1411960433 319488
1411960743 319488
1411961053 319488
1411961363 319488
1411961673 319488
1411961983 319488
1411962293 319488
1411962603 319488
1411962913 319488
1411963223 319488
1411963523 319488
1411963833 319488
1411964143 319488
1411964453 319488
1411964763 319488
1411965073 319488
1411965383 319488
1411965693 319488
1411966003 319488
1411966313 319488
1411966615 100667392
1411967193 0
1411967502 0
1411967812 0
1411968372 0
1411968682 168505344
1411968992 197328896
1411969292 183472128
1411969602 183472128
1411969912 183472128
1411970213 183435264
1411970523 183418880
1411970833 183418880
1411971143 183418880
1411971453 183418880
1411971764 183418880
1411972073 183201792
1411972384 183119872
1411972693 183037952
1411973003 183037952
1411973314 183037952
1411973623 183037952
1411973934 183037952
1411974244 183037952
1411974554 182910976
1411974864 182910976
1411975174 182910976
1411975484 182910976
1411975794 182857728
1411976104 182857728
1411976414 182857728
1411976714 182857728
1411977024 182857728
1411977334 182857728
1411977644 182857728
1411977954 182857728
1411978264 182857728
1411978574 182857728
1411978884 182857728
1411979194 182849536
1411979504 182849536
1411979814 182849536
1411980124 182849536
1411980434 182849536
1411980744 182849536
1411981054 182849536
1411981364 182849536
1411981674 182849536
1411981984 182849536
1411982294 182849536
1411982604 182849536
1411982914 182837248
1411983224 182837248
1411983534 182837248
1411983844 182837248
1411984154 182837248
1411984465 182812672
1411984774 182812672
1411985084 182812672
1411985395 182812672
1411985705 182812672
1411986015 182812672
1411986325 182812672
1411986635 182812672
1411986945 182812672
1411987255 182812672
1411987565 182812672
1411987875 182812672
1411988185 182812672
1411988495 182812672
1411988805 182812672
1411989115 182812672
1411989425 182812672
1411989735 182812672
1411990045 182812672
1411990355 182812672
1411990665 182812672
1411990975 182812672
1411991285 182812672
1411991595 182812672
1411991905 182808576
1411992215 182808576
1411992525 182808576
1411992835 182808576
1411993145 182808576
1411993455 182808576
1411993765 182800384
1411994075 182800384
1411994385 182800384
1411994685 182800384
1411994995 182800384
1411995305 182800384
1411995615 182800384
1411995925 182800384
1411996235 182800384
1411996545 182800384
1411996855 182800384
1411997165 182800384
1411997475 182792192
1411997785 182792192
1411998095 182792192
1411998405 182792192
1411998715 182792192
1411999025 182792192
1411999335 182792192
1411999645 182792192
1411999955 182792192
1412000265 182792192
1412000575 182792192
1412000885 182792192
1412001195 182792192
1412001500 182792192
1412001810 182792192
1412002116 182792192
1412002426 182792192
1412002734 182792192
1412003043 182792192
1412003353 182792192
1412003663 182792192
1412003973 182792192
1412004283 182792192
1412004593 182788096
1412004903 182788096
1412005213 182788096
1412005513 182788096
1412005823 182788096
1412006133 182788096
1412006443 182788096
1412006753 182788096
1412007063 182788096
1412007371 182788096
1412007681 182788096
1412007991 182779904
1412008301 182779904
1412008601 182779904
1412008911 182779904
1412009221 182779904
1412009531 182779904
1412009841 182779904
1412010151 182779904
1412010461 182779904
1412010771 182779904
1412011077 182779904
1412011378 182779904
1412011679 182775808
1412011987 182775808
1412012297 182775808
1412012607 182775808
1412012917 182775808
1412013227 182775808
1412013537 182775808
1412013847 182775808
1412014157 182775808
1412014468 182775808
1412014778 182775808
1412015085 182775808
1412015385 182767616
1412015727 0
1412016037 135069696
1412016483 0
1412016793 0
1412017098 0
1412017408 0
1412017718 0
1412018028 0
1412018338 0
1412018639 0
1412018940 0
1412019250 0
1412019557 0
1412019867 0
1412020176 0
1412020487 0
1412020797 0
1412021107 0
1412021408 0
1412021718 0
1412022024 0
1412022334 0
1412022644 0
1412022954 0
1412023264 0
1412023574 0
1412023884 0
1412024192 0
1412024502 0
1412024812 0
1412025122 0
1412025432 0
1412025742 0
1412026042 0
1412026352 0
1412026662 0
1412026972 0
1412027276 0
1412027586 0
1412027896 0
1412028206 0
1412028516 0
1412028816 0
1412029126 0
1412029436 0
1412029746 0
1412030056 0
1412030366 0
1412030676 0
1412030986 0
1412031296 0
1412031598 0
1412031908 0
1412032218 0
1412032529 0
1412032839 0
1412033149 0
1412033459 0
1412033769 0
1412034075 0
1412034385 0
1412034695 0
1412035005 0
1412035315 0
1412035625 0
1412035935 0
1412036245 0
1412036555 0
1412036855 0
1412037165 0
1412037475 0
1412037785 0
1412038095 0
1412038405 0
1412038715 0
1412039025 0
1412039335 0
1412039645 0
1412039956 0
1412040265 0
1412040576 0
1412040886 0
1412041196 0
1412041506 0
1412041816 0
1412042126 0
1412042436 0
1412042746 0
1412043056 0
1412043366 98078720
1412043676 96907264
1412043976 96907264
1412044286 96878592
1412044596 96821248
1412044906 96821248
1412045217 96821248
1412045527 104435712
1412045827 104435712
1412046138 154296320
1412046447 154148864
1412046757 154120192
1412047067 154120192
1412047377 154034176
1412047687 154034176
1412047997 154034176
1412048308 154034176
1412048618 154034176
1412048918 153858048
1412049228 158552064
1412049538 158449664
1412050033 0
1412050343 58535936
1412050643 58535936
1412050953 58535936
1412051263 58531840
1412051573 138080256
1412051883 139337728
1412052193 139374592
1412052503 139374592
1412052814 139345920
1412053123 139341824
1412053434 139341824
1412053744 139223040
1412054054 139059200
1412054364 125308928
1412054674 125308928
1412054984 125308928
1412055294 125308928
1412055604 125308928
1412055914 125308928
1412056224 125308928
1412056534 125308928
1412056844 125198336
1412057154 125198336
1412057464 125153280
1412057765 125038592
1412058075 125038592
1412058377 125038592
1412058687 125038592
1412058997 125038592
1412059302 125038592
1412059613 125038592
1412059923 125038592
1412060233 125038592
1412060542 125038592
1412060853 125034496
1412061163 125034496
1412061473 125034496
1412061783 125034496
1412062093 125034496
1412062399 125034496
1412062700 125034496
1412063010 125034496
1412063319 125034496
1412063621 125030400
1412063931 125030400
1412064241 125030400
1412064551 125030400
1412064861 125030400
1412065171 125030400
1412065481 125030400
1412065791 125030400
1412066101 125030400
1412066411 125030400
1412066721 125030400
1412067021 125030400
1412067331 125030400
1412067633 125001728
1412067934 124968960
1412068244 124964864
1412068548 124887040
1412068858 124887040
1412069168 124887040
1412069478 124887040
1412069788 124887040
1412070098 124887040
1412070408 124887040
1412070718 124887040
1412071028 124887040
1412071338 124887040
1412071648 124887040
1412071958 124887040
1412072268 124887040
1412072578 124887040
1412072888 124887040
1412073198 124887040
1412073508 124887040
1412073818 124887040
1412074128 124887040
1412074438 124887040
1412074748 124887040
1412075058 124887040
1412075358 124887040
1412075668 124887040
1412075968 124887040
1412076278 124887040
1412076588 124887040
1412076898 124887040
1412077208 124887040
1412077518 124887040
1412077828 124887040
1412078138 124887040
1412078448 124887040
1412078758 124887040
1412079068 124887040
1412079378 124887040
1412079688 124887040
1412079998 124887040
1412080308 124887040
1412080619 124887040
1412080928 124887040
1412081238 124887040
1412081549 124887040
1412081858 124887040
1412082169 124887040
1412082478 124887040
1412082789 124887040
1412083098 124887040
1412083408 119808000
1412083719 119808000
1412084029 119808000
1412084339 119808000
1412084649 119808000
1412084959 119808000
1412085269 119808000
1412085579 119808000
1412085889 119808000
1412086199 119803904
1412086509 119803904
1412086819 119803904
1412087129 119803904
1412087439 119803904
1412087749 119803904
1412088059 119803904
1412088369 119803904
1412088679 119803904
1412088989 119803904
1412089299 119803904
1412089609 119803904
1412089919 119803904
1412090229 119803904
1412090539 119803904
1412090849 119803904
1412091159 119803904
1412091469 119803904
1412091769 119803904
1412092079 119803904
1412092389 119803904
1412092699 119803904
1412093009 119803904
1412093319 119803904
1412093629 119803904
1412093939 119803904
1412094249 119803904
1412094559 119803904
1412094869 119803904
1412095180 119803904
1412095489 119803904
1412095800 119803904
1412096110 119803904
1412096419 119803904
1412096730 119803904
1412097039 119803904
1412097350 119803904
1412097660 119803904
1412097969 119803904
1412098280 119803904
1412098585 119803904
1412098896 119803904
1412099206 119803904
1412099516 119803904
1412099826 119803904
1412100136 119803904
1412100446 119799808
1412100756 119799808
1412101066 119799808
1412101376 119799808
1412101686 119799808
1412101996 119799808
1412102306 119799808
1412102616 119799808
1412102926 119799808
1412103236 119799808
1412103546 119799808
1412103856 119799808
1412104166 119799808
1412104476 119799808
1412104776 119799808
1412105086 119799808
1412105396 119799808
1412105706 119799808
1412106016 119799808
1412106326 119799808
1412106636 119799808
1412106947 119799808
1412107256 119799808
1412107567 119799808
1412107876 119799808
1412108187 119799808
1412108496 119799808
1412108807 119799808
1412109116 119799808
1412109426 119799808
1412109737 119799808
1412110046 119799808
1412110357 119799808
1412110667 119799808
1412110977 119799808
1412111287 119799808
1412111597 119799808
1412111907 119799808
1412219586 0
1412219894 0
1412220204 0
1412220515 0
1412220825 0
1412221135 0
1412221445 0
1412221755 0
1412222065 0
1412222375 0
1412222685 0
1412223210 0
1412223517 0
1412223827 0
1412224137 0
1412224447 0
1412224757 0
1412225067 0
1412225378 0
1412225688 8192
1412225998 16384
1412226308 266240
1412226618 266240
1412226928 266240
1412227238 266240
1412227548 266240
1412227858 266240
1412228158 266240
1412228468 266240
1412228778 266240
1412229088 266240
1412229398 266240
1412229708 266240
1412230018 266240
1412230328 266240
1412230639 266240
1412230949 266240
1412231259 266240
1412231569 266240
1412231879 266240
1412232189 266240
1412232498 258048
1412232808 258048
1412233118 258048
1412233428 258048
1412233738 258048
1412234048 258048
1412234358 258048
1412234668 258048
1412234978 258048
1412235289 258048
1412235599 258048
1412235909 258048
1412236219 258048
1412236529 258048
1412236839 258048
1412237149 258048
1412237459 258048
1412237769 258048
1412238079 258048
1412238389 258048
1412238699 258048
1412239009 258048
1412239309 258048
1412239619 258048
1412239929 258048
1412240239 258048
1412240549 258048
1412240859 258048
1412241169 258048
1412241479 258048
1412241789 258048
1412242099 258048
1412242409 258048
1412242720 258048
1412243030 258048
1412243340 258048
1412243650 258048
1412243960 258048
1412244270 258048
1412244580 258048
1412244890 258048
1412245200 258048
1412245510 258048
1412245820 258048
1412246130 258048
1412246440 258048
1412246750 258048
1412247060 258048
1412247370 258048
1412247670 258048
1412247980 258048
1412248290 258048
1412248600 258048
1412248910 258048
1412249220 258048
1412249530 258048
1412249840 258048
1412250150 258048
1412250460 258048
1412250770 258048
1412251080 258048
1412251391 258048
1412251701 258048
1412252011 258048
1412252321 258048
1412252631 258048
1412252941 258048
1412253251 258048
1412253561 258048
1412253871 258048
1412254181 258048
1412256835 0
1412257144 0
1412257454 0
1412257764 0
1412258074 0
1412258384 0
1412258694 0
1412258994 0
1412259304 0
1412259614 0
1412259924 0
1412260234 0
1412260534 0
1412260844 0
1412261154 0
1412261464 0
1412261774 0
1412262084 0
1412262394 0
1412262704 0
1412263014 0
1412263324 0
1412263634 0
1412263944 0
1412264254 0
1412264564 0
1412264875 0
1412265184 0
1412265495 0
1412265805 0
1412266115 0
1412266425 0
1412266735 0
1412267045 0
1412267355 0
1412267665 0
1412267975 0
1412268285 0
1412268913 0
1412269223 0
1412269533 0
1412269843 0
1412270153 0
1412270463 0
1412270773 0
1412271083 0
1412271393 0
1412271693 0
1412272003 0
1412272313 0
1412272623 0
1412272933 0
1412273243 0
1412273553 0
1412273864 0
1412274173 0
1412274484 0
1412274793 0
1412275104 0
1412275414 0
1412275724 0
1412276034 0
1412276344 0
1412276654 0
1412276964 106496
1412277274 114688
1412277584 114688
1412277894 200704
1412278204 200704
1412278514 200704
1412278825 200704
1412279135 200704
1412279445 200704
1412279754 200704
1412280065 200704
1412280375 200704
1412280685 200704
1412280995 200704
1412281305 200704
1412281615 200704
1412281925 200704
1412282235 200704
1412282545 200704
1412282855 200704
1412283165 200704
1412283465 200704
1412283775 200704
1412284085 200704
1412284395 200704
1412284705 200704
1412285007 200704
1412285317 200704
1412285627 200704
1412285937 200704
1412286247 200704
1412286547 200704
1412286857 200704
1412287167 200704
1412287477 200704
1412287787 200704
1412288097 200704
1412288407 200704
1412288717 200704
1412289028 200704
1412289338 200704
1412289647 200704
1412289958 200704
1412290268 200704
1412290578 200704
1412290888 200704
1412291198 200704
1412291508 200704
1412291818 200704
1412292128 200704
1412292438 200704
1412292748 200704
1412293048 200704
1412293358 200704
1412293668 200704
1412293978 200704
1412294288 200704
1412294598 200704
1412294908 200704
1412295219 200704
1412295528 200704
1412295838 200704
1412296149 200704
1412296459 200704
1412296769 200704
1412297079 200704
1412297389 200704
1412297699 200704
1412298009 200704
1412298319 200704
1412298629 200704
1412298939 200704
1412299249 200704
1412299549 200704
1412299859 200704
1412300169 200704
1412300479 200704
1412300790 200704
1412301099 200704
1412301409 200704
1412301719 200704
1412302030 200704
1412302340 200704
1412302650 200704
1412302960 200704
1412303270 200704
1412303580 200704
1412303890 200704
1412304200 200704
1412304510 200704
1412304820 200704
1412305130 200704
1412305440 200704
1412305740 200704
1412306050 200704
1412306360 200704
1412306670 200704
1412306980 200704
1412307290 200704
1412307600 200704
1412307910 200704
1412308221 200704
1412308531 200704
1412308841 200704
1412309151 200704
1412309461 200704
1412309765 200704
1412310076 200704
1412310386 200704
1412310696 200704
1412311006 200704
1412311316 200704
1412311626 200704
1412311936 200704
1412312236 200704
1412312546 200704
1412312856 200704
1412313166 200704
1412313476 200704
1412313786 200704
1412314096 200704
1412314406 200704
1412314717 200704
1412315027 200704
1412315337 200704
1412315647 200704
1412315955 200704
1412316266 200704
1412316576 200704
1412316886 200704
1412317196 200704
1412317506 200704
1412317816 200704
1412318126 200704
1412318436 200704
1412318746 200704
1412319046 200704
1412319356 200704
1412319666 200704
1412319976 200704
1412320286 200704
1412320596 200704
1412320906 200704
1412321216 200704
1412321526 200704
1412321837 200704
1412322146 200704
1412322457 200704
1412322767 200704
1412323077 200704
1412323387 200704
1412323697 684032
1412324007 684032
1412324317 684032
1412324627 684032
1412324937 684032
1412325247 684032
1412325557 684032
1412325857 684032
1412326167 684032
1412326477 684032
1412326787 684032
1412327097 684032
1412327407 684032
1412327717 684032
1412328027 684032
1412328338 684032
1412328647 684032
1412328957 684032
1412329268 684032
1412329578 684032
1412329888 684032
1412330198 684032
1412330508 684032
1412330818 684032
1412331128 684032
1412331438 684032
1412331748 684032
1412332055 684032
1412332366 684032
1412332676 684032
1412332986 684032
1412333296 684032
1412333606 684032
1412333916 684032
1412334226 684032
1412334536 684032
1412334846 684032
1412335156 684032
1412335466 684032
1412335776 684032
1412336086 684032
1412336386 684032
1412336696 684032
1412337006 684032
1412337316 684032
1412337626 684032
1412337936 684032
1412338247 684032
1412338556 684032
1412338867 684032
1412339176 684032
1412339487 684032
1412339797 684032
1412340107 684032
1412340417 684032
1412340727 684032
1412341037 684032
1412341347 684032
1412341657 684032
1412341967 684032
1412342277 684032
1412342587 684032
1412342897 684032
1412343197 684032
1412343507 684032
1412343817 684032
1412344127 684032
1412344437 684032
1412344748 684032
1412345057 684032
1412345368 684032
1412345678 684032
1412345988 684032
1412346298 684032
1412346608 684032
1412346918 684032
1412347228 684032
1412347538 684032
1412347848 684032
1412348158 684032
1412348468 684032
1412348778 684032
1412349088 684032
1412349388 684032
1412349698 684032
1412350008 684032
1412350318 684032
1412350628 684032
1412350938 684032
1412351248 684032
1412351559 684032
1412351868 684032
1412352179 684032
1412352489 684032
1412352799 684032
1412353109 684032
1412353419 684032
1412353729 684032
1412354039 684032
1412354349 684032
1412354659 684032
1412354963 684032
1412355273 684032
1412355582 684032
1412355892 684032
1412356202 684032
1412356512 684032
1412356822 684032
1412357132 684032
1412357432 684032
1412357742 684032
1412358052 684032
1412358362 684032
1412358672 684032
1412358982 684032
1412359292 684032
1412359602 684032
1412359913 684032
1412360222 684032
1412360533 684032
1412360842 684032
1412361152 684032
1412361463 684032
1412361773 684032
1412362083 684032
1412362393 684032
1412362703 684032
1412363013 684032
1412363323 684032
1412363633 684032
1412363943 684032
1412364253 684032
1412364563 684032
1412364863 684032
1412365173 684032
1412365483 684032
1412365793 684032
1412366103 684032
1412366413 684032
1412366723 684032
1412367034 684032
1412367343 684032
1412367654 684032
1412367963 684032
1412368274 684032
1412368584 684032
1412368894 684032
1412369204 684032
1412369514 684032
1412369824 684032
1412370134 684032
1412370444 684032
1412370754 684032
1412371064 684032
1412371374 684032
1412371684 684032
1412371994 684032
1412372294 684032
1412372604 684032
1412372914 684032
1412373224 684032
1412373534 684032
1412373844 684032
1412374154 684032
1412374464 684032
1412374775 684032
1412375085 684032
1412375395 684032
1412375705 684032
1412376015 684032
1412376325 684032
1412376635 684032
1412376935 684032
1412377245 684032
1412377555 684032
1412377865 684032
1412378175 684032
1412378486 684032
1412378796 684032
1412379098 684032
1412379408 684032
1412379708 684032
1412380018 684032
1412380328 684032
1412380638 684032
1412380948 684032
1412381258 684032
1412381569 684032
1412381878 684032
1412382189 684032
1412382498 684032
1412382809 684032
1412383119 684032
1412383429 684032
1412383739 684032
1412384049 684032
1412384359 684032
1412384669 684032
1412384979 684032
1412385289 684032
1412385599 684032
1412385909 684032
1412386219 684032
1412386519 684032
1412386829 684032
1412387139 684032
1412387449 684032
1412387759 684032
1412388069 684032
1412388379 684032
1412388690 684032
1412388999 684032
1412389310 684032
1412389620 684032
1412389929 684032
1412390239 684032
1412390550 684032
1412390860 684032
1412391170 684032
1412391480 684032
1412391790 684032
1412392100 684032
1412392410 684032
1412392720 684032
1412393030 684032
1412393330 684032
1412393641 774144
1412393950 774144
1412394260 774144
1412394570 774144
1412394881 774144
1412395193 116629504
1412395501 116842496
1412395811 116781056
1412396119 299618304
1412396424 311128064
1412396733 340828160
1412397043 340819968
1412397353 331325440
1412397663 331325440
1412397973 331325440
1412398283 331325440
1412398593 331272192
1412398903 331272192
1412399203 331272192
1412399513 331272192
1412399823 331272192
1412400133 331272192
1412400443 331272192
1412400753 331272192
1412401056 331141120
1412401366 347095040
1412401676 347095040
1412401976 347095040
1412402286 351428608
1412402596 351428608
1412402906 351436800
1412403216 351424512
1412403526 351424512
1412403837 351424512
1412404147 351424512
1412404457 351424512
1412404767 351424512
1412405077 351424512
1412405387 351424512
1412405697 351420416
1412406007 353628160
1412406317 353660928
1412406627 353660928
1412406937 353660928
1412407247 353660928
1412407547 353660928
1412407857 353660928
1412408167 353660928
1412408477 353660928
1412408788 353660928
1412409097 353660928
1412409407 353665024
1412409718 356425728
1412410028 376631296
1412410338 376713216
1412410648 376713216
1412410958 376713216
1412411268 376713216
1412411578 376713216
1412411888 359313408
1412412198 359313408
1412412508 359313408
1412412818 359313408
1412413119 365756416
1412413428 376283136
1412413738 376283136
1412414049 376283136
1412414359 376283136
1412414669 376283136
1412414979 376283136
1412415289 393867264
1412415599 393867264
1412415909 393867264
1412416219 393867264
1412416529 393850880
1412416839 393850880
1412417149 393850880
1412417459 393850880
1412417769 393850880
1412418069 393850880
1412418379 393850880
1412418689 393850880
1412418999 393850880
1412419309 393850880
1412419619 393850880
1412419929 393850880
1412420239 393842688
1412420550 393842688
1412420860 393842688
1412421169 393842688
1412421471 393842688
1412421781 393842688
1412422091 393842688
1412422401 393842688
1412422711 393842688
1412423021 393842688
1412423331 393842688
1412423641 393842688
1412423951 398565376
1412424261 398565376
1412424571 398565376
1412424881 398565376
1412425181 398565376
1412425491 398565376
1412425801 398565376
1412426111 398565376
1412426421 398565376
1412426731 398565376
1412427041 398565376
1412427351 408387584
1412427662 408387584
1412427971 408387584
1412428282 408387584
1412428592 408358912
1412428903 414769152
1412429213 373342208
1412429522 450347008
1412429832 413466624
1412430142 413265920
1412430452 403214336
1412430762 403202048
1412431072 403116032
1412431382 403116032
1412431692 403116032
1412432002 403116032
1412432302 403116032
1412432612 403116032
1412432922 403116032
1412433232 403116032
1412433542 403116032
1412433852 403116032
1412434162 403116032
1412434472 403120128
1412434783 405037056
1412435093 405037056
1412435403 405561344
1412435712 405561344
1412436023 405561344
1412436333 405561344
1412436643 405561344
1412436953 410492928
1412437263 410492928
1412437573 410492928
1412437883 396857344
1412438193 399650816
1412438503 399609856
1412438813 120446976
1412439123 120446976
1412439423 120717312
1412439733 120717312
1412440043 120717312
1412440353 120717312
1412440664 120717312
1412440974 120700928
1412441283 120700928
1412441594 120700928
1412441903 120696832
1412442214 120696832
1412442524 120696832
1412442834 120696832
1412443144 120696832
1412443454 120696832
1412443764 120696832
1412444074 120696832
1412444384 120696832
1412444686 120492032
1412444996 120492032
1412445306 120492032
1412445617 120487936
1412445926 120487936
1412446237 120487936
1412446546 120487936
1412446857 120487936
1412447166 120487936
1412447477 120487936
1412447787 120487936
1412448097 120487936
1412448407 120487936
1412448717 120487936
1412449027 120483840
1412449337 120483840
1412449647 120483840
1412449957 120483840
1412450267 120483840
1412450577 120483840
1412450887 120483840
1412451197 120483840
1412451507 120483840
1412451817 120483840
1412452127 120483840
1412452437 120483840
1412452747 120483840
1412453057 120483840
1412453367 120483840
1412453677 120483840
1412453977 120483840
1412454287 120483840
1412454597 120483840
1412454907 120483840
1412455217 120483840
1412455527 120483840
1412455837 120483840
1412456147 120799232
1412456457 120799232
1412456768 120799232
1412457077 120799232
1412457388 120799232
1412457698 120799232
1412458008 120799232
1412458318 120799232
1412458628 120799232
1412458938 120799232
1412459248 120799232
1412459558 120799232
1412459868 120791040
1412460178 120791040
1412460488 120791040
1412460798 120791040
1412461108 120791040
1412461418 120791040
1412462077 0
1412462387 266240
1412462697 266240
1412463007 266240
1412463317 266240
1412463627 266240
1412463937 266240
1412464248 106979328
1412464557 106819584
1412464867 74170368
1412465177 74170368
1412465487 74170368
1412465797 74121216
1412466097 74121216
1412466407 74121216
1412466717 74121216
1412467027 74121216
1412467337 74121216
1412467647 74121216
1412467957 74121216
1412468259 73924608
1412468569 73924608
1412468879 73924608
1412469190 73924608
1412469499 73920512
1412469810 73920512
1412470120 73920512
1412470429 73920512
1412470740 73920512
1412471050 73920512
1412471360 73920512
1412471670 73920512
1412471980 73920512
1412472290 73920512
1412472600 73920512
1412472910 73920512
1412473220 73920512
1412473530 73920512
1412473840 73920512
1412474150 73920512
1412474460 73920512
1412474770 73920512
1412475080 73920512
1412475390 73920512
1412475700 73920512
1412476010 73920512
1412476310 73920512
1412476620 73916416
1412476930 73916416
1412477240 73916416
1412477550 73916416
1412477860 73916416
1412478170 73916416
1412478481 73916416
1412478790 73916416
1412479101 73916416
1412479410 73916416
1412479721 73916416
1412480031 73916416
1412480340 73916416
1412480651 73916416
1412480961 73916416
1412481271 73916416
1412481581 73916416
1412481891 73916416
1412482201 73916416
1412482511 73916416
1412482821 73916416
1412483131 73916416
1412483441 73916416
1412483751 73916416
1412484061 73916416
1412484371 73916416
1412484681 73916416
1412484981 73916416
1412485291 73916416
1412485601 73916416
1412485911 73916416
1412486221 73916416
1412486531 73916416
1412486841 73916416
1412487151 73916416
1412487461 73916416
1412487771 73916416
1412488077 73916416
1412488387 73916416
1412488697 73916416
1412489007 73916416
1412489307 73916416
1412489616 73904128
1412489926 73904128
1412490236 73904128
1412490546 73904128
1412490856 73904128
1412491166 73904128
1412491476 73904128
1412491787 73904128
1412492097 73904128
1412492407 73904128
1412492717 73904128
1412493027 73904128
1412493337 73904128
1412493647 73904128
1412493957 73904128
1412494267 73904128
1412494577 73904128
1412494887 73904128
1412495197 73904128
1412495507 73904128
1412495817 73904128
1412496128 73904128
1412496437 71139328
1412496747 71061504
1412497057 71061504
1412497367 71061504
1412497678 71061504
1412497987 71061504
1412498297 71061504
1412498597 71061504
1412498907 71061504
1412499217 71061504
1412499527 71061504
1412499837 71061504
1412500148 71061504
1412500458 71061504
1412500768 71061504
1412501078 71061504
1412501388 71061504
1412501698 71061504
1412502008 71061504
1412502318 71061504
1412502628 71061504
1412502938 71061504
1412503248 71061504
1412503558 71061504
1412503868 71061504
1412504178 71061504
1412504488 71061504
1412504798 71061504
1412505108 71061504
1412505408 71061504
1412505718 71061504
1412506028 71061504
1412506339 71061504
1412506648 71061504
1412506958 71061504
1412507268 71061504
1412507578 71061504
1412507888 71061504
1412508199 71061504
1412508508 71061504
1412508819 71061504
1412509129 71061504
1412509439 71061504
1412509749 71061504
1412510059 71061504
1412510369 71061504
1412510679 71061504
1412510983 71061504
1412511293 71061504
1412511603 71061504
1412511913 71061504
1412512223 71061504
1412512523 71061504
1412512833 71061504
1412513143 71061504
1412513453 71061504
1412513763 71061504
1412514073 71061504
1412514383 71061504
1412514693 71061504
1412515003 71061504
1412515313 71061504
1412515623 71061504
1412515934 71061504
1412516243 71061504
1412516554 71061504
1412516863 71061504
1412517174 71061504
1412517484 71061504
1412517794 71061504
1412518104 71061504
1412518414 71061504
1412518724 71061504
1412519034 71061504
1412519344 71061504
1412519654 71061504
1412519964 71061504
1412520274 71061504
1412520584 71061504
1412520894 71061504
1412521204 71061504
1412521514 71061504
1412521824 71061504
1412522134 71061504
1412522444 71061504
1412522744 71061504
1412523057 71061504
1412523365 141221888
1412523674 136462336
1412523985 146468864
1412524295 146468864
1412524605 146468864
1412524915 146468864
1412526856 0
1412527167 187420672
1412527477 263876608
1412527776 272228352
1412528087 272121856
1412528394 305057792
1412528694 305053696
1412529004 305053696
1412529314 306311168
1412529625 306311168
1412529935 306311168
1412530245 307359744
1412530555 339857408
1412530865 339853312
1412531175 339853312
1412531485 339853312
1412531795 339853312
1412532105 339853312
1412532415 339853312
1412532725 339845120
1412533025 339845120
1412533335 300437504
1412533645 300437504
1412533955 300437504
1412534265 300412928
1412534575 300412928
1412534885 300412928
1412535196 300412928
1412535505 300412928
1412535816 300412928
1412536126 300412928
1412536435 300412928
1412536746 300412928
1412537056 300412928
1412537366 300412928
1412537676 300392448
1412537986 300392448
1412538296 300392448
1412538606 300392448
1412538907 300392448
1412539218 300392448
1412539528 300392448
1412539837 300392448
1412540147 300392448
1412540458 300392448
1412540760 300392448
1412541070 300392448
1412541380 300388352
1412541680 300388352
1412541990 300388352
1412542300 300388352
1412542610 300388352
1412542920 300388352
1412543230 300388352
1412543540 300388352
1412543850 300388352
1412544160 300388352
1412544470 300388352
1412544781 300388352
1412545090 300384256
1412545401 300384256
1412545711 300384256
1412546021 300384256
1412546331 300384256
1412546641 300384256
1412546951 300384256
1412547261 300384256
1412547571 300384256
1412547881 300384256
1412548191 300384256
1412548494 300244992
1412548801 300220416
1412549111 300220416
1412549414 300220416
1412549724 300220416
1412550034 300220416
1412550344 300220416
1412550646 300208128
1412550956 300208128
1412551259 300208128
1412551569 300208128
1412551879 300208128
1412552179 300191744
1412552489 300191744
1412552799 300191744
1412553110 300191744
1412553420 300191744
1412553730 300191744
1412554040 300191744
1412554350 300191744
1412554660 300191744
1412554970 300191744
1412555270 300187648
1412555581 300187648
1412555891 300183552
1412556201 300183552
1412556511 300183552
1412556821 300183552
1412557131 300183552
1412557441 300183552
1412557751 300183552
1412558061 300183552
1412558371 300183552
1412558681 300183552
1412558981 300183552
1412559291 300183552
1412559601 300183552
1412559911 300183552
1412560221 300183552
1412560531 300183552
1412560842 300183552
1412561151 300183552
1412561462 300183552
1412561772 300183552
1412562082 300183552
1412562392 300183552
1412562702 300183552
1412563012 300183552
1412563322 300183552
1412563632 300183552
1412563942 300183552
1412564252 300158976
1412564914 0
1412565223 8192
1412565533 98304
1412565844 102400
1412566153 102400
1412566463 102400
1412566774 102400
1412567084 105578496
1412567394 105578496
1412567705 105549824
1412568014 105549824
1412568315 105549824
1412568624 115265536
1412568935 156106752
1412569245 156221440
1412569553 156213248
1412569863 156213248
1412570173 156213248
1412570483 156213248
1412570793 156213248
1412571103 156213248
1412571414 156213248
1412571723 156213248
1412572033 156213248
1412572344 156454912
1412572654 156454912
1412572964 156454912
1412573274 156454912
1412573584 156454912
1412573894 156454912
1412574204 156454912
1412574514 156454912
1412574824 156454912
1412575134 156454912
1412575444 156454912
1412575754 156454912
1412576064 156540928
1412576374 156540928
1412576684 156540928
1412576994 156540928
1412577304 156540928
1412577604 156540928
1412577914 156540928
1412578224 156540928
1412578534 156540928
1412578844 155496448
1412579149 155496448
1412579459 155496448
1412579770 169807872
1412580079 171945984
1412580390 171945984
1412580700 171945984
1412581010 171945984
1412581320 171945984
1412581630 233963520
1412581940 252223488
1412582250 287698944
1412586528 0
1412586827 143360
1412587137 233472
1412587447 233472
1412587757 233472
1412588068 233472
1412588377 233472
1412588688 233472
1412588998 87113728
1412589308 87113728
1412589618 87113728
1412589928 87113728
1412590238 87113728
1412590548 150179840
1412590858 150167552
1412591168 150167552
1412591468 150167552
1412591778 150167552
1412592088 150167552
1412592398 150167552
1412592708 150167552
1412593018 150167552
1412593328 150167552
1412593638 150167552
1412593948 150167552
1412594258 150167552
1412594569 150167552
1412594879 150167552
1412595189 150167552
1412595499 150167552
1412595809 150167552
1412596119 150167552
1412596429 150167552
1412596739 150167552
1412597049 150167552
1412597359 150163456
1412597669 150163456
1412597979 150163456
1412598289 150163456
1412598599 150163456
1412598899 150163456
1412599209 150163456
1412599519 151986176
1412599829 152068096
1412600139 152068096
1412600450 348737536
1412600759 334680064
1412601069 379035648
1412601378 394805248
1412601688 404787200
1412601998 404787200
1412602308 404787200
1412602618 404787200
1412602928 403587072
1412603238 403587072
1412603548 403587072
1412603858 403587072
1412604168 403587072
1412604478 403529728
1412604788 403709952
1412605098 403709952
1412605408 403709952
1412605718 403709952
1412606028 403709952
1412606338 403709952
1412606648 403709952
1412606948 403709952
1412607258 403709952
1412607568 403709952
1412607878 403709952
1412608188 403701760
1412608498 403701760
1412608808 403701760
1412609118 403648512
1412609423 403648512
1412609733 403648512
1412610043 403648512
1412610353 403812352
1412610660 474656768
1412610971 474656768
1412611280 474656768
1412611590 474656768
1412611900 474636288
1412612210 474636288
1412612521 474636288
1412612830 474636288
1412613141 474636288
1412613451 474636288
1412613761 474636288
1412614071 474636288
1412614381 474636288
1412614691 474636288
1412615001 474636288
1412615311 474636288
1412615621 474636288
1412615931 474636288
1412616241 474636288
1412616551 474636288
1412616861 474636288
1412617171 474636288
1412617481 474636288
1412617791 474636288
1412618101 474636288
1412618411 474636288
1412618721 474636288
1412619031 474632192
1412619341 474632192
1412619651 474632192
1412619961 474632192
1412620271 474632192
1412620571 474632192
1412620881 474632192
1412621191 474632192
1412621501 474632192
1412621811 474632192
1412622121 474632192
1412622431 474632192
1412622741 474628096
1412623051 474628096
1412623361 474628096
1412623671 474628096
1412623982 474628096
1412624291 474628096
1412624601 474628096
1412624912 474628096
1412625222 474628096
1412625532 474628096
1412625842 474628096
1412626152 474624000
1412626462 474624000
1412626772 474624000
1412627082 474624000
1412627392 474624000
1412627702 474624000
1412628012 474624000
1412628322 474624000
1412628632 474624000
1412628942 474624000
1412629252 474624000
1412629559 474624000
1412629869 474595328
1412630179 474595328
1412630489 474595328
1412630799 474595328
1412631109 474595328
1412631419 474595328
1412631729 474595328
1412632039 474595328
1412632350 528179200
1412632659 528179200
1412632970 528179200
1412633280 528179200
1412633590 540499968
1412633899 540454912
1412634210 540450816
1412634520 540434432
1412634830 540434432
1412635140 540434432
1412635450 540434432
1412635760 540434432
1412636070 540422144
1412636380 540413952
1412636690 540393472
1412637000 540123136
1412637310 540106752
1412637620 540106752
1412637930 540106752
1412638240 540106752
1412638550 540106752
1412638860 540102656
1412639170 540102656
1412639480 540102656
1412639790 540102656
1412640100 540102656
1412640410 540082176
1412640720 539770880
1412641030 539770880
1412641340 539770880
1412641640 539766784
1412641950 539766784
1412642260 539766784
1412642570 539766784
1412642880 539766784
1412643190 539766784
1412643500 539754496
1412643810 539738112
1412644121 539738112
1412644431 539492352
1412644741 539492352
1412645051 539492352
1412645361 539492352
1412645671 539492352
1412645981 539492352
1412646291 539492352
1412646601 539492352
1412646911 539492352
1412647221 539475968
1412647531 539463680
1412647841 539275264
1412648151 539275264
1412648461 539271168
1412648765 539271168
1412649075 539258880
1412649385 539254784
1412649695 539254784
1412650005 539250688
1412650315 539250688
1412650625 539250688
1412650935 539250688
1412651245 539238400
1412651555 539025408
1412651865 539025408
1412652176 539025408
1412652486 539025408
1412652796 539021312
1412653106 539021312
1412653416 539021312
1412653726 539021312
1412654036 539021312
1412654346 539021312
1412654656 539017216
1412654966 538845184
1412655276 538845184
1412655586 538836992
1412655896 538836992
1412656206 538836992
1412656516 538836992
1412656826 538836992
1412657136 538836992
1412657446 538828800
1412657756 538828800
1412658066 538767360
1412658376 538738688
1412658676 538542080
1412658986 538542080
1412659296 538542080
1412659606 538542080
1412659916 537985024
1412660226 537985024
1412660536 537985024
1412660847 536866816
1412661155 536453120
1412661465 536453120
1412661775 536453120
1412662085 536453120
1412662396 536453120
1412662706 536453120
1412663016 536453120
1412663326 536453120
1412663636 536453120
1412663946 536453120
1412664254 536453120
1412664564 536453120
1412664874 536453120
1412665184 536453120
1412665494 536453120
1412665804 536453120
1412666114 536453120
1412666424 536453120
1412666734 536453120
1412667044 536453120
1412667344 536453120
1412667654 536453120
1412667964 536453120
1412668274 536453120
1412668584 536453120
1412668894 536453120
1412669205 536453120
1412669514 536444928
1412669825 536444928
1412670135 536444928
1412670444 536444928
1412670755 536444928
1412671065 536444928
1412671375 536444928
1412671685 536444928
1412671995 536444928
1412672305 536444928
1412672615 536444928
1412672925 536440832
1412673235 536285184
1412673545 536285184
1412673855 536285184
1412674165 536285184
1412674475 536285184
1412674785 536285184
1412675085 536285184
1412675395 536285184
1412675706 539254784
1412676015 539250688
1412676325 539230208
1412676635 550645760
1412676945 550645760
1412677256 550658048
1412677567 477138944
1412677867 356622336
1412678176 356622336
1412678486 356618240
1412678794 356622336
1412679095 356626432
1412679400 356626432
1412679710 356626432
1412680020 356626432
1412680320 356634624
1412680630 356634624
1412680940 356634624
1412681250 356634624
1412681560 356634624
1412681870 356634624
1412682181 356634624
1412682491 356634624
1412682801 356634624
1412683111 356634624
1412683421 356634624
1412683731 356634624
1412684041 356634624
1412684351 356634624
1412684661 356634624
1412684971 356634624
1412685281 356634624
1412685591 356634624
1412685901 356634624
1412686211 356634624
1412686521 356634624
1412686831 356634624
1412687141 356634624
1412687441 356634624
1412687751 356634624
1412688061 356634624
1412688371 356634624
1412688681 356634624
1412688991 356634624
1412689301 356634624
1414614603 356630528
1414614903 340545536
1414615209 340545536
1414615519 340545536
1414615829 340676608
1414616139 340635648
1414616439 446078976
1414616744 458936320
1414617054 456523776
1414617365 504041472
1414617674 521457664
1414617984 521457664
1414618284 521433088
1414618595 521433088
1414618905 521433088
1414619215 521433088
1414619525 521433088
1414619835 521375744
1414620136 521342976
1414620446 521367552
1414620746 521367552
1414621056 521367552
1414621366 521367552
1414621676 521916416
1414621986 526872576
1414622296 526872576
1414622606 526872576
1414622916 526872576
1414623226 526868480
1414623536 526868480
1414623847 526868480
1414624155 526630912
1414624465 526536704
1414624775 526532608
1414625085 526561280
1414625395 526561280
1414625705 529940480
1414626015 532078592
1414626325 532078592
1414626635 532078592
1414626945 532078592
1414627255 532078592
1414627555 532078592
1414627865 532078592
1414628175 534396928
1414628485 534396928
1414628795 534396928
1414629105 534417408
1414629416 542908416
1414629726 542908416
1414630035 542908416
1414630346 542900224
1414630656 542900224
1414630966 542900224
1414631276 541564928
1414631586 541532160
1414631896 541523968
1414632206 494374912
1414632516 494374912
1414632826 494370816
1414633136 494370816
1414633446 494370816
1414633746 494370816
1414634056 494370816
1414634366 494370816
1414634676 494370816
1414634987 494370816
1414635297 494370816
1414635604 494370816
1414635915 494370816
1414636224 494370816
1414636535 494370816
1414636845 494358528
1414637155 494358528
1414637465 494358528
1414637775 494358528
1414638085 494358528
1414638399 494346240
1414638706 494342144
1414639015 494342144
1414639325 494342144
1414639635 494342144
1414639945 494338048
1414640255 494338048
1414640555 494338048
1414640865 494338048
1414641175 494338048
1414641486 494243840
1414641786 494243840
1414642096 494243840
1414642406 494243840
1414642717 494239744
1414643026 494239744
1414643336 494239744
1414643873 0
1414644183 98304
1414644493 108576768
1414644803 108584960
1414645113 108580864
1414645423 108736512
1414645733 108736512
1414646043 108736512
1414646353 108736512
1414646653 108736512
1414646963 108576768
1414647273 204812288
1414647583 219238400
1414647894 269455360
1414648204 269455360
1414648514 269455360
1414648824 269328384
1414649134 269328384
1414649444 269328384
1414649754 267624448
1414650305 2461696
1414650614 75812864
1414650924 75857920
1414651235 75976704
1414651545 75976704
1414651855 75976704
1414652165 75976704
1414652475 75976704
1414652778 75894784
1414653088 75927552
1414653398 75927552
1414653708 75927552
1414654008 148176896
1414654318 148176896
1414654628 148176896
1414654938 148176896
1414655248 148176896
1414655558 148176896
1414655868 148176896
1414656179 157724672
1414656489 231481344
1414656799 251760640
1414657108 251760640
1414657419 252370944
1414657729 273408000
1414658039 273408000
1414658349 273408000
1414658659 273408000
1414658969 273408000
1414659279 273408000
1414659589 273408000
1414659899 273408000
1414660209 273408000
1414660519 273408000
1414660821 273403904
1414661124 362729472
1414661433 362729472
1414661744 362725376
1414662054 369541120
1414662364 369541120
1414662674 369541120
1414662984 368680960
1414663294 373338112
1414663604 430505984
1414663914 403120128
1414664224 403120128
1414664534 403099648
1414664844 403578880
1414665154 413757440
1414665464 413622272
1414665774 413593600
1414666084 413593600
1414666394 413593600
1414666704 413593600
1414667004 413589504
1414667314 413589504
1414667624 413589504
1414667934 413589504
1414668244 413589504
1414668555 413569024
1414668865 399581184
1414669168 399261696
1414669478 399069184
1414669788 399069184
1414670098 399069184
1414670408 399069184
1414670718 399069184
1414671029 399069184
1414671338 399069184
1414671649 399069184
1414671959 399077376
1414672269 399077376
1414672579 399077376
1414672889 399077376
1414673199 399077376
1414673509 399077376
1414673819 399077376
1414674129 399077376
1414674439 399077376
1414674749 399077376
1414675059 399077376
1414675369 399077376
1414675679 399052800
1414675989 399052800
1414676299 399052800
1414676609 399052800
1414676909 399052800
1414677219 399052800
1414677529 399052800
1414677839 399052800
1414678149 399052800
1414678459 399052800
1414678770 399052800
1414679079 399052800
1414679389 399048704
1414679699 399048704
1414680009 399048704
1414680320 399093760
1414680630 399093760
1414680940 399093760
1414681250 399093760
1414681560 399093760
1414681870 399093760
1414682180 399093760
1414682490 399093760
1414682800 399093760
1414683110 398856192
1414683420 398856192
1414683721 398856192
1414684030 398856192
1414684340 398856192
1414684650 398856192
1414684961 398856192
1414685271 398856192
1414685572 398602240
1414685882 398602240
1414686192 398602240
1414686502 398598144
1414686812 398598144
1414687122 398598144
1414687433 398598144
1414687743 398598144
1414688053 398598144
1414688363 398598144
1414688673 398598144
1414688977 398598144
1414689287 398598144
1414689597 398598144
1414689907 398598144
1414690217 398602240
1414690527 398602240
1414690837 398602240
1414691147 398602240
1414691457 398602240
1414691767 398602240
1414692077 398602240
1414692387 398602240
1414692697 398602240
1414693007 398602240
1414693317 398602240
1414693627 398598144
1414693937 398598144
1414694247 398598144
1414694557 398598144
1414694868 398598144
1414695178 398598144
1414695488 398598144
1414695798 398598144
1414696108 398598144
1414696420 399802368
1414696719 407023616
1414697028 407023616
1414697340 410488832
1414697646 410488832
1414697946 410488832
1414698256 410488832
1414698567 410488832
1414698877 410488832
1414699187 410488832
1414699497 410488832
1414699806 410243072
1414700116 410243072
1414700426 410243072
1414700736 410234880
1414701046 410230784
1414701356 410230784
1414701666 410230784
1414701978 413491200
1414702286 413491200
1414702596 413491200
1414702896 413491200
1414703206 413491200
1414703516 413491200
1414703826 413491200
1414704136 413491200
1414704446 438054912
1414704756 438054912
1414705067 438054912
1414705377 438050816
1414705687 412672000
1414705997 412667904
1414706310 412778496
1414706621 412778496
1414706915 412778496
1414707215 412778496
1414707517 412778496
1414707817 412774400
1414708118 412766208
1414708420 412766208
1414708722 412766208
1414709031 412766208
1414709333 412766208
1414709633 412762112
1414709936 412762112
1414710237 412762112
1414710539 412762112
1414710841 412762112
1414711158 412762112
1414711444 429355008
1414711745 467292160
1414712045 467341312
1414712347 469987328
1414712647 469987328
1414712949 469987328
1414713259 488886272
1414713562 491614208
1414713861 504225792
1414714162 513617920
1414714464 521793536
1414714764 535924736
1414715065 538763264
1414715372 598663168
1414715666 598642688
1414715976 598691840
1414716277 598691840
1414716579 598691840
1414716879 611246080
1414717190 611237888
1414717491 615317504
1414717801 631971840
1414718102 634355712
1414718403 656199680
1414718727 689958912
1414719015 688455680
1414719324 688418816
1414719634 688373760
1414719935 688418816
1414720246 711159808
1414720546 731987968
1414720856 745345024
1414721157 748556288
1414721467 751296512
1414721777 772878336
1414722078 775675904
1414722394 797966336
1414722691 836718592
1414722999 836718592
1414723300 836706304
1414723612 925405184
1414723910 925208576
1414724221 925147136
1414724531 925126656
1414724834 920809472
1414725142 920780800
1414725443 920756224
1414725754 920739840
1414726065 961642496
1414726364 990228480
1414726665 990199808
1414726975 990158848
1414727276 990138368
1414727576 990126080
1414727887 1006583808
1414728198 1016041472
1414728500 1009770496
1414728799 1029853184
1414729100 1029832704
1414729401 1029820416
1414729705 1068670976
1414730003 1073709056
1414730304 1073700864
1414730605 1073385472
1414730916 1073020928
1414731219 1073307648
1414731528 1073623040
1414731843 1073733632
1414732142 1073733632
1414732446 1073733632
1414733057 1073713152
1414744182 1073680384
1414744488 1073733632
1414744789 1073729536
1414745099 1073733632
1414746379 1073709056
1414746681 1073733632
1414746980 1073733632
1414747292 1073733632
1414747906 1073491968
1414748202 1073733632
1414748512 1073733632
1414748813 1073733632
1414852907 1072717824
1414862305 1073487872
1414862616 1073467392
1414862926 1073438720
1414863236 1073414144
1414863537 1072881664
1414863846 1072709632
1414864156 1072689152
1414864466 1072664576
1414864776 1072644096
1414865076 1072623616
1414865386 1072398336
1414865697 1073704960
1414866007 1073717248
1414866323 1073733632
1414866618 1073733632
1414866927 1073733632
1414867241 1073733632
1415205092 23552000
1415205393 261001216
1415205703 261070848
1415206003 261070848
1415206314 261066752
1415206629 559579136
1415206934 464183296
1415207244 463699968
1415207554 460836864
1415207864 460804096
1415208164 460746752
1415208474 460709888
1415208784 460533760
1415209095 427696128
1415209405 417632256
1415209715 415727616
1415210025 415727616
1415210335 415727616
1415210645 415719424
1415210955 415776768
1415211265 415768576
1415211575 415698944
1415211885 415703040
1415212196 415653888
1415212505 415748096
1415212815 415748096
1415213125 415748096
1415213436 415756288
1415213738 425967616
1415214046 421904384
1415214356 421904384
1415214666 421904384
1415214976 421904384
1415215286 421904384
1415215596 421904384
1415215906 421830656
1415216216 421814272
1415216526 421814272
1415216836 421814272
1415217146 421814272
1415217456 421814272
1415217766 421806080
1415218072 421036032
1415218382 415100928
1415218692 415096832
1415219002 415096832
1415219312 415096832
1415219622 415088640
1415219932 415088640
1415220242 415084544
1415220552 415072256
1415220852 415068160
1415221163 415068160
1415221473 415068160
1415221783 415068160
1415222093 415068160
1415222403 415068160
1415222713 415068160
1415223023 415068160
1415223333 415064064
1415223643 415064064
1415223953 415064064
1415224263 415064064
1415224573 415064064
1415224883 415064064
1415225193 415064064
1415225503 415064064
1415225817 415395840
1415226123 415395840
1415226433 415395840
1415226733 415408128
1415227043 415408128
1415227354 416202752
1415227663 416202752
1415227973 416202752
1415228284 416202752
1415228594 416202752
1415228904 416202752
1415235991 19922944
1415236289 206086144
1415236600 224350208
1415236910 225415168
1415237220 225415168
1415237530 225415168
1415237841 225411072
1415238151 225411072
1415238456 225103872
1415238767 225140736
1415239077 225140736
1415239386 225185792
1415239696 244469760
1415240007 258973696
1415240316 261357568
1415240627 262299648
1415240937 263708672
1415241247 263708672
1415241557 264757248
1415241867 265523200
1415242177 266440704
1415242487 266440704
1415242797 266440704
1415243107 268754944
1415243407 285458432
1415243717 285458432
1415244027 285458432
1415244337 285458432
1415244647 285388800
1415244957 285388800
1415245267 285388800
1415245577 285388800
1415245888 285388800
1415246198 285388800
1415246508 285388800
1415246817 285380608
1415247128 285126656
1415247438 285126656
1415247748 285126656
1415248058 285126656
1415248368 285126656
1415248678 285126656
1415248989 335073280
1415249288 335073280
1415249598 335073280
1415249908 335073280
1415250219 335073280
1415250529 335065088
1415250839 335065088
1415251149 335065088
1415251460 335065088
1415251760 335065088
1415252070 335065088
1415252380 335065088
1415252690 335065088
1415253000 335065088
1415253310 335065088
1415253620 335065088
1415253930 335065088
1415254230 335060992
1415254541 335060992
1415254850 335060992
1415255160 335060992
1415255470 335060992
1415255781 335060992
1415256091 335060992
1415256401 335060992
1415256711 335060992
1415257023 398462976
1415407989 0
1415408297 0
1415408607 0
1415408917 0
1415409227 0
1415409537 0
1415409847 0
1415410157 0
1415410468 0
1415410777 0
1415411088 0
1415411397 0
1415411707 0
1415412017 0
1415412328 0
1415412638 0
1415412948 0
1415413258 0
1415413568 0
1415413878 0
1415414188 0
1415414498 0
1415414808 0
1415415108 0
1415415418 0
1415415728 0
1415416038 0
1415416348 0
1415416658 0
1415416968 0
1415417278 0
1415417588 0
1415417898 0
1415418208 0
1415418518 0
1415418828 0
1415419138 0
1415419448 0
1415419758 0
1415420068 0
1415420378 0
1415420688 0
1415420996 0
1415421306 0
1415421616 0
1415421916 0
1415422226 0
1415422536 0
1415422846 0
1415423156 0
1415423466 0
1415423776 0
1415424086 0
1415424395 0
1415424705 0
1415425015 0
1415425325 0
1415425625 0
1415425935 0
1415426245 0
1415426555 0
1415426865 0
1415427175 0
1415427485 0
1415427795 0
1415428105 0
1415428415 0
1415428725 0
1415429035 0
1415429345 0
1415429655 0
1415429965 0
1415430276 0
1415430586 0
1415430896 0
1415431205 0
1415431516 0
1415431826 0
1415432136 0
1415432446 0
1415432756 0
1415433066 0
1415433376 0
1415433686 0
1415433996 0
1415434306 0
1415434616 0
1415434926 0
1415435226 0
1415435536 0
1415435846 0
1415436156 0
1415436466 0
1415436776 0
1415437086 0
1415437396 0
1415437706 0
1415438016 0
1415438326 0
1415438636 0
1415438947 0
1415439248 0
1415439558 0
1415439869 0
1415440178 0
1415440488 0
1415440798 0
1415441109 0
1415441418 0
1415441728 0
1415442039 0
1415442349 0
1415442659 0
1415442969 0
1415443279 0
1415443589 0
1415443899 0
1415444209 0
1415444519 0
1415444829 0
1415445129 0
1415445439 0
1415445749 0
1415446059 0
1415446369 0
1415446679 0
1415446989 0
1415447299 0
1415447609 0
1415447919 0
1415448229 0
1415448539 0
1415448850 0
1415449160 0
1415449470 0
1415449780 0
1415450090 0
1415450400 0
1415450710 0
1415451020 0
1415451320 0
1415451630 0
1415451940 0
1415452250 0
1415452560 0
1415452870 0
1415453180 0
1415453490 0
1415453800 0
1415454110 0
1415454421 0
1415454730 0
1415455041 0
1415455351 0
1415455661 0
1415455971 0
1415456281 0
1415456591 0
1415456901 0
1415457211 0
1415457511 0
1415457821 0
1415458131 0
1415458441 0
1415458751 0
1415459061 0
1415459371 0
1415459681 0
1415459991 0
1415460301 0
1415460611 0
1415460921 0
1415461232 0
1415461541 0
1415461852 0
1415462162 8192
1415462472 8192
1415462782 8192
1415463092 8192
1415463402 8192
1415463712 8192
1415464012 8192
1415464322 8192
1415464632 8192
1415464935 8192
1415465245 8192
1415465546 8192
1415465855 8192
1415466166 8192
1415466476 8192
1415466779 8192
1415467087 8192
1415467397 8192
1415467707 8192
1415468017 8192
1415468327 8192
1415468637 8192
1415468947 8192
1415469257 8192
1415469567 8192
1415469877 8192
1415470187 8192
1415470497 8192
1415470808 8192
1415471117 8192
1415471427 8192
1415471737 8192
1415472047 8192
1415472357 8192
1415472667 8192
1415472977 12288
1415473287 12288
1415473598 8192
1415473904 8192
1415474213 98304
1415474523 98304
1415474833 98304
1415475143 98304
1415475453 98304
1415475763 98304
1415476073 98304
1415476383 98304
1415476693 98304
1415477003 98304
1415477313 98304
1415477623 98304
1415477933 98304
1415478243 98304
1415478553 98304
1415478863 98304
1415479173 98304
1415479484 98304
1415479793 98304
1415480103 98304
1415480414 98304
1415480723 98304
1415481034 98304
1415481343 98304
1415481654 98304
1415481964 98304
1415482274 98304
1415482584 98304
1415482894 98304
1415483204 98304
1415483514 98304
1415483824 98304
1415484134 102400
1415484444 102400
1415484754 102400
1415485054 102400
1415485364 102400
1415485674 102400
1415485984 102400
1415486294 102400
1415486604 102400
1415486914 102400
1415487224 102400
1415487534 102400
1415487844 102400
1415488154 389120
1415488461 61927424
1415488770 79654912
1415489080 79654912
1415489390 79654912
1415489700 79654912
1415490010 79654912
1415490320 79654912
1415490630 79654912
1415490940 79654912
1415491250 79654912
1415491560 79654912
1415491870 79654912
1415492180 79654912
1415492490 79654912
1415492800 79654912
1415493110 79654912
1415493420 79654912
1415493730 79654912
1415494040 79654912
1415494350 79654912
1415494660 79654912
1415494970 83447808
1415495280 83447808
1415495591 83447808
1415495900 83447808
1415496210 83447808
1415496520 83447808
1415496830 83447808
1415497140 83447808
1415497450 83447808
1415497760 83447808
1415498070 83447808
1415498380 83447808
1415498690 83447808
1415499000 83447808
1415499310 83447808
1415499620 83447808
1415499930 83447808
1415500241 83447808
1415500550 83447808
1415500860 83447808
1415501170 83447808
1415501480 83447808
1415501790 83447808
1415502100 83447808
1415502410 83447808
1415502720 83447808
1415503030 83447808
1415503340 83447808
1415503650 83447808
1415503960 83447808
1415504270 83447808
1415504580 83447808
1415504890 83447808
1415505200 83447808
1415505510 83447808
1415505820 83447808
1415506130 83447808
1415506440 83447808
1415506751 83447808
1415507060 83447808
1415507370 83447808
1415507680 83447808
1415507990 83447808
1415508300 83447808
1415508611 83542016
1415508921 159158272
1415509230 159158272
1415509540 159158272
1415509850 159158272
1415510160 159158272
1415510470 159158272
1415510780 159158272
1415511090 159158272
1415511400 159158272
1415511710 159158272
1415512015 328028160
1415512324 355463168
1415512634 440307712
1415512944 450985984
1415513255 501817344
1415513564 542953472
1415513874 536866816
1415514184 536866816
1415514494 536866816
1415514804 536866816
1415515115 536866816
1415515424 536866816
1415515734 536866816
1415516044 630059008
1415516354 630054912
1415516664 678604800
1415516974 677142528
1415517284 670904320
1415517594 670830592
1415517904 670830592
1415518214 656306176
1415518524 656306176
1415518834 656302080
1415519144 656302080
1415519454 656265216
1415519764 656236544
1415520074 656232448
1415520384 656224256
1415520694 656224256
1415521004 654905344
1415521314 654905344
1415521624 654864384
1415521934 654864384
1415522244 654864384
1415522549 652701696
1415522859 652701696
1415523169 652701696
1415523479 652693504
1415523789 559833088
1415524099 579502080
1415524409 579497984
1415524718 578646016
1415525029 578646016
1415525339 578646016
1415525649 578646016
1415525959 578646016
1415526269 578646016
1415526579 578633728
1415526889 578613248
1415527199 578580480
1415527509 578564096
1415527819 578564096
1415528129 578043904
1415528439 578043904
1415528749 578043904
1415529059 578043904
1415529369 578043904
1415529679 578043904
1415529989 578043904
1415530299 576966656
1415530608 576966656
1415530919 576958464
1415531229 576806912
1415531538 576806912
1415531849 576299008
1415532158 576290816
1415532469 576290816
1415532778 576290816
1415533089 576290816
1415533398 576290816
1415533709 575746048
1415534019 575373312
1415534328 575201280
1415534639 575201280
1415534948 575176704
1415535259 575164416
1415535568 574656512
1415535878 574623744
1415536189 574623744
1415536498 574623744
1415536808 574623744
1415537119 574607360
1415537428 574603264
1415537739 574603264
1415538048 574603264
1415538358 574599168
1415538668 574599168
1415538978 574296064
1415539288 574296064
1415539598 574296064
1415539908 574296064
1415540218 574296064
1415540528 574296064
1415540838 574296064
1415541148 574296064
1415541458 574291968
1415541768 574291968
1415542078 574291968
1415542388 574291968
1415542698 573964288
1415543008 573390848
1415543318 573390848
1415543628 573390848
1415543938 573390848
1415544248 573386752
1415544558 573386752
1415544868 573386752
1415545178 573386752
1415545488 573202432
1415545798 573202432
1415546108 573059072
1415546418 573059072
1415546728 573059072
1415547038 573059072
1415547348 573059072
1415547658 573059072
1415547968 573059072
1415548278 573059072
1415548588 573059072
1415548898 573059072
1415549208 573059072
1415549518 573059072
1415549828 572891136
1415550138 572891136
1415550448 572891136
1415550758 572891136
1415551068 572715008
1415551378 572715008
1415551688 572715008
1415551998 572706816
1415552308 572706816
1415552618 572686336
1415552928 572686336
1415553238 572686336
1415553548 572473344
1415553858 572473344
1415554168 572473344
1415554478 572473344
1415554788 572473344
1415555098 572473344
1415555408 572452864
1415555718 572448768
1415556028 572448768
1415556338 572448768
1415556648 572448768
1415556958 572354560
1415557268 572354560
1415557578 572354560
1415557883 571912192
1415558193 571912192
1415558503 571912192
1415558813 571801600
1415559123 571801600
1415559433 571801600
1415559743 571801600
1415560053 571797504
1415560363 571797504
1415560672 571482112
1415560983 571232256
1415561292 571207680
1415561603 571207680
1415561912 571207680
1415562223 571207680
1415562533 571207680
1415562842 571203584
1415563153 571203584
1415563463 571203584
1415563772 571203584
1415564083 570826752
1415564392 570826752
1415564703 570826752
1415565012 570826752
1415565323 570826752
1415565632 570826752
1415565943 570826752
1415566252 570822656
1415566562 570822656
1415566872 570822656
1415567182 570822656
1415567493 570822656
1415567802 570490880
1415568113 570490880
1415568422 570490880
1415568732 570490880
1415569042 570490880
1415569352 570454016
1415569662 570454016
1415569972 570454016
1415570282 570454016
1415570592 570454016
1415570902 570454016
1415571212 570449920
1415571522 570249216
1415571832 570249216
1415572142 570249216
1415572452 570249216
1415572762 570249216
1415573072 570249216
1415573382 570249216
1415573692 570236928
1415574002 570236928
1415574312 570236928
1415574622 570236928
1415574932 569987072
1415575242 569987072
1415575552 569987072
1415575862 569987072
1415576172 569987072
1415576482 569987072
1415576789 569987072
1415577099 569974784
1415577409 569974784
1415577719 569974784
1415578029 569974784
1415578339 569974784
1415578649 569835520
1415578959 569835520
1415579259 569835520
1415579569 569835520
1415579879 569835520
1415580189 569835520
1415580499 569835520
1415580809 569831424
1415581119 569831424
1415581429 569831424
1415581739 569831424
1415582049 569831424
1415582359 569700352
1415582669 569700352
1415582979 569700352
1415583289 569700352
1415583599 569700352
1415583909 569700352
1415584219 569700352
1415584529 569700352
1415584839 569700352
1415598324 0
1415598633 0
1415598943 0
1415599253 0
1415599564 0
1415599873 0
1415600183 0
1415600488 0
1417235308 0
1417235612 0
1417235922 0
1417236232 0
1417236542 0
